acid_tube 928.000000 240.000000 207.125000 0.000000 0.000000 0.000000 0.000000 0.000000 1.000000 30.000000 0.000000 0.000000
telenode 1066.659912 -854.120728 -219.875000 0.000000 -174.000000 0.000000 0.000000 0.000000 1.000000 30.000000 -174.000000 1.000000
booster 2116.170410 -663.293823 554.470581 0.000000 -89.000000 0.000000 0.000000 0.707107 0.707107 30.000000 -89.000000 1.000000
telenode 1226.114380 -855.401733 -219.875000 0.000000 -130.000000 0.000000 0.000000 0.000000 1.000000 30.000000 -130.000000 1.000000
trapper -213.853958 238.599823 279.677185 0.000000 -41.000000 180.000000 -0.707107 0.000000 -0.707107 30.000000 -41.000000 0.000000
hive 433.877625 -170.716339 -203.875000 0.000000 105.000000 0.000000 0.000000 0.000000 1.000000 30.000000 105.000000 1.000000
hive 541.690369 -393.977631 -155.875000 0.000000 -35.000000 0.000000 0.000000 0.000000 1.000000 30.000000 -35.000000 1.000000
telenode 1256.136963 -756.578003 -231.875000 0.000000 -176.000000 0.000000 0.000000 0.000000 1.000000 30.000000 -176.000000 1.000000
telenode 1276.473877 -554.816345 -219.875000 0.000000 169.000000 0.000000 0.000000 0.000000 1.000000 30.000000 169.000000 1.000000
acid_tube -358.101318 300.920013 223.125000 0.000000 7.000000 0.000000 0.000000 0.000000 1.000000 30.000000 7.000000 1.000000
booster 1024.982300 -960.883240 73.125000 0.000000 -86.000000 0.000000 0.000000 0.000000 1.000000 30.000000 -86.000000 1.000000
acid_tube 203.875000 78.899475 364.668823 0.000000 42.000000 -44.000000 -1.000000 0.000000 0.000000 30.000000 42.000000 0.000000
booster 497.453705 644.520386 9.125000 0.000000 176.000000 0.000000 0.000000 0.000000 1.000000 30.000000 176.000000 1.000000
acid_tube 1136.000000 0.000000 258.156250 0.000000 0.000000 0.000000 -0.600000 0.000000 0.800000 30.000000 0.000000 0.000000
overmind 2719.168457 -2155.128662 -209.318909 0.000000 8.000000 0.000000 0.022704 -0.054592 0.998251 30.000000 8.000000 1.000000
acid_tube 1480.000000 -96.000000 303.125000 0.000000 0.000000 0.000000 0.000000 0.000000 1.000000 30.000000 0.000000 0.000000
booster 196.882675 -1.298000 169.125000 0.000000 -22.000000 0.000000 0.000000 0.000000 1.000000 30.000000 -22.000000 1.000000
acid_tube 247.539978 246.985260 172.191284 0.000000 -25.000000 0.000000 0.000000 0.707107 0.707106 30.000000 -25.000000 1.000000
eggpod -211.385864 85.277214 277.209076 0.000000 176.000000 -176.000000 -0.707107 0.000000 -0.707107 30.000000 176.000000 0.000000
eggpod -211.595581 409.788086 277.418793 0.000000 -179.000000 179.000000 -0.707107 0.000000 -0.707107 30.000000 -179.000000 0.000000
trapper -272.064606 254.144211 272.875000 0.000000 -20.000000 180.000000 0.000000 0.000000 -1.000000 30.000000 -20.000000 0.000000
eggpod -548.967285 527.244873 15.125000 0.000000 89.000000 0.000000 0.000000 0.000000 1.000000 30.000000 89.000000 1.000000
eggpod 2118.604004 -581.269958 584.906982 0.000000 176.000000 0.000000 0.000000 -0.707107 0.707107 30.000000 176.000000 1.000000
booster 1050.736450 -2657.159912 -214.875000 0.000000 -134.000000 0.000000 0.000000 0.000000 1.000000 30.000000 -134.000000 1.000000
barricade -204.263382 254.973740 15.125000 0.000000 6.000000 0.000000 0.000000 0.000000 1.000000 30.000000 6.000000 1.000000
hive -227.559433 297.029175 283.382660 0.000000 129.000000 -128.000000 -0.707107 0.000000 -0.707107 30.000000 129.000000 0.000000
acid_tube -224.136215 161.748596 160.875000 0.000000 -8.000000 180.000000 0.000000 0.000000 -1.000000 30.000000 -8.000000 -0.000000
hive 1875.076904 -2103.224365 -147.875000 0.000000 157.000000 0.000000 0.000000 -0.000000 1.000000 30.000000 157.000000 1.000000
hive -229.099625 194.565002 284.922852 0.000000 -135.000000 133.000000 -0.707107 0.000000 -0.707107 30.000000 -135.000000 0.000000
hive -349.226562 -55.126949 85.466591 0.000000 7.000000 -93.000000 0.000000 0.894427 -0.447214 30.000000 7.000000 0.000000
acid_tube -222.267746 357.275574 160.875000 0.000000 24.000000 180.000000 0.000000 0.000000 -1.000000 30.000000 24.000000 0.000000
eggpod 131.421799 -16.760433 496.875000 0.000000 -41.000000 180.000000 0.000000 0.000000 -1.000000 30.000000 -41.000000 -0.000000
repeater 622.053345 -2162.081543 -207.684189 0.000000 -1.000000 0.000000 -0.022622 -0.093339 0.995377 30.000000 -1.000000 1.000000
acid_tube -554.253357 372.792542 15.125000 0.000000 87.000000 0.000000 0.000000 0.000000 1.000000 30.000000 87.000000 1.000000
acid_tube -384.129272 379.106781 15.125000 0.000000 -2.000000 0.000000 0.000000 0.000000 1.000000 30.000000 -2.000000 1.000000
reactor 993.243591 -703.539307 -208.875000 0.000000 177.000000 0.000000 0.000000 0.000000 1.000000 30.000000 177.000000 1.000000
repeater 1584.402710 121.705444 405.126892 0.000000 -15.000000 0.000000 0.000000 0.000000 1.000000 30.000000 -15.000000 1.000000
trapper -237.249817 560.875000 95.182426 0.000000 -112.000000 -28.000000 0.000000 -1.000000 0.000000 30.000000 -112.000000 -0.447214
eggpod 167.584335 133.758087 496.875000 0.000000 47.000000 180.000000 0.000000 0.000000 -1.000000 30.000000 47.000000 -0.000000
hive -356.264679 558.198975 103.322586 0.000000 -32.000000 130.000000 0.000000 -0.894427 -0.447214 30.000000 -32.000000 -0.447214
tesla 790.241211 -664.458984 -183.875000 0.000000 121.000000 0.000000 0.000000 0.000000 1.000000 30.000000 121.000000 1.000000
eggpod 1248.356689 -2669.379639 -111.125000 0.000000 -4.000000 180.000000 0.000000 0.000000 -1.000000 30.000000 -4.000000 0.000000
tesla 792.149597 -744.488403 -183.875000 0.000000 -146.000000 0.000000 0.000000 0.000000 1.000000 30.000000 -146.000000 1.000000
acid_tube 1142.355591 -1834.130859 -65.045700 0.000000 -15.000000 88.000000 0.000000 -0.707107 -0.707107 30.000000 -15.000000 0.000000
trapper 2456.875000 -1306.806396 -126.395889 0.000000 -98.000000 96.000000 -1.000000 0.000000 0.000000 30.000000 -98.000000 0.000000
eggpod 1370.495117 -984.810303 656.875000 0.000000 6.000000 180.000000 0.000000 0.000000 -1.000000 30.000000 6.000000 0.000000
acid_tube -511.712036 133.631836 15.125000 0.000000 -88.000000 0.000000 0.000000 0.000000 1.000000 30.000000 -88.000000 1.000000
acid_tube -352.542328 145.269775 15.125000 0.000000 -84.000000 0.000000 0.000000 0.000000 1.000000 30.000000 -84.000000 1.000000
tesla 1513.237061 -807.174316 -183.875000 0.000000 0.000000 0.000000 0.000000 0.000000 1.000000 30.000000 0.000000 1.000000
trapper 1588.435425 -959.125000 98.970024 0.000000 -161.000000 -104.000000 0.000000 -1.000000 0.000000 30.000000 -161.000000 0.000000
repeater -720.106262 259.099426 15.343117 0.000000 32.000000 0.000000 -0.022622 -0.093339 0.995377 30.000000 32.000000 1.000000
barricade -327.314148 354.590912 15.125000 0.000000 159.000000 0.000000 0.000000 0.000000 1.000000 30.000000 159.000000 1.000000
arm 1337.611694 -674.310181 -222.875000 0.000000 -88.000000 0.000000 0.000000 0.000000 1.000000 30.000000 -88.000000 1.000000
barricade -295.475891 166.811493 15.125000 0.000000 -148.000000 0.000000 0.000000 0.000000 1.000000 30.000000 -148.000000 1.000000
tesla 1513.451416 -603.561890 -183.875000 0.000000 0.000000 0.000000 0.000000 0.000000 1.000000 30.000000 0.000000 1.000000
trapper 624.875000 233.404816 -207.831085 0.000000 -87.000000 92.000000 -1.000000 0.000000 0.000000 30.000000 -87.000000 0.000000
telenode 1084.523682 -555.025513 -219.875000 0.000000 179.000000 0.000000 0.000000 0.000000 1.000000 30.000000 179.000000 1.000000
acid_tube 2255.791504 -715.875000 655.905334 0.000000 -163.000000 42.000000 0.000000 1.000000 0.000000 30.000000 -163.000000 0.707107
telenode 1173.950195 -656.808899 -231.875000 0.000000 -110.000000 0.000000 0.000000 0.000000 1.000000 30.000000 -110.000000 1.000000
trapper 143.125000 228.805038 -202.140106 0.000000 -108.000000 -107.000000 1.000000 0.000000 0.000000 30.000000 -108.000000 0.000000
repeater 900.496338 559.575745 661.125000 0.000000 -153.000000 0.000000 0.000000 0.000000 1.000000 30.000000 -153.000000 1.000000
booster 1348.851074 -957.925720 353.125000 0.000000 -82.000000 0.000000 0.000000 0.000000 1.000000 30.000000 -82.000000 1.000000
acid_tube 1668.836670 -580.271729 689.094788 0.000000 172.000000 -134.000000 0.000000 -0.707109 -0.707105 30.000000 172.000000 -0.707105
mgturret 1187.129395 -748.663940 -151.875000 0.000000 -103.000000 0.000000 0.000000 0.000000 1.000000 -6.127697 179.200287 1.000000
acid_tube 1830.205933 -564.125000 645.390686 0.000000 20.000000 42.000000 0.000000 -1.000000 0.000000 30.000000 20.000000 0.707107
mgturret 1372.636597 -859.945312 -203.875000 0.000000 12.000000 0.000000 0.000000 0.000000 1.000000 -2.054004 168.983185 1.000000
hive 2583.450439 -2177.267334 -203.408951 0.000000 88.000000 0.000000 0.022638 0.093317 0.995379 30.000000 88.000000 1.000000
mgturret 1405.945801 -545.748413 -203.875000 0.000000 -10.000000 0.000000 0.000000 0.000000 1.000000 -1.488331 217.750641 1.000000
repeater 2721.561035 -641.300781 657.125000 0.000000 -177.000000 0.000000 0.000000 0.000000 1.000000 30.000000 -177.000000 1.000000
mgturret 1749.779053 -774.202332 -203.875000 0.000000 -24.000000 0.000000 0.000000 0.000000 1.000000 -7.555258 145.291840 1.000000
arm 1074.778076 -701.899902 -210.875000 0.000000 -90.000000 0.000000 0.000000 0.000000 1.000000 30.000000 -90.000000 1.000000
mgturret 1756.994507 -636.887878 -203.875000 0.000000 11.000000 0.000000 0.000000 0.000000 1.000000 -25.704203 212.386597 1.000000
medistat 1365.251587 -778.211853 -228.875000 0.000000 127.000000 0.000000 0.000000 0.000000 1.000000 30.000000 127.000000 1.000000
tesla 1693.287720 -634.109741 -183.875000 0.000000 21.000000 0.000000 0.000000 0.000000 1.000000 30.000000 21.000000 1.000000
tesla 1691.544434 -773.542114 -183.875000 0.000000 -51.000000 0.000000 0.000000 0.000000 1.000000 30.000000 -51.000000 1.000000
mgturret 1498.362793 -655.622314 -203.875000 0.000000 -1.000000 0.000000 0.000000 0.000000 1.000000 -8.593826 206.018250 1.000000
mgturret 1502.729248 -756.857971 -203.875000 0.000000 3.000000 0.000000 0.000000 0.000000 1.000000 -6.281161 183.958054 1.000000
medistat 1417.161621 -707.438354 -228.875000 0.000000 89.000000 0.000000 0.000000 0.000000 1.000000 30.000000 89.000000 1.000000
medistat 1438.247803 -789.997803 -216.875000 0.000000 58.000000 0.000000 0.000000 0.000000 1.000000 30.000000 58.000000 1.000000
trapper 2201.246582 -847.125000 505.962860 0.000000 -52.000000 39.000000 0.000000 -1.000000 0.000000 30.000000 -52.000000 0.000000
medistat 1417.025146 -632.582275 -228.875000 0.000000 117.000000 0.000000 0.000000 0.000000 1.000000 30.000000 117.000000 1.000000
mgturret 483.683044 -2108.565186 -199.645630 0.000000 143.000000 0.000000 -0.022622 -0.093339 0.995377 0.000000 143.000000 1.000000
mgturret 483.801422 -2351.537598 -191.726501 0.000000 -124.000000 0.000000 -0.033947 0.093320 0.995057 0.000000 -124.000000 1.000000
trapper 1392.904541 -1209.347656 528.875000 0.000000 -37.000000 180.000000 0.000000 0.000000 -1.000000 30.000000 -37.000000 0.000000
medistat 869.576660 -702.592224 -216.875000 0.000000 -52.000000 0.000000 0.000000 0.000000 1.000000 30.000000 -52.000000 1.000000
trapper 1772.871704 -1039.125000 389.821991 0.000000 0.000000 90.000000 0.000000 -1.000000 0.000000 30.000000 0.000000 0.000000
tesla 928.427490 -741.535461 -183.875000 0.000000 1.000000 0.000000 0.000000 0.000000 1.000000 30.000000 1.000000 1.000000
eggpod 939.885742 -1246.166260 79.125000 0.000000 -149.000000 0.000000 0.000000 0.000000 1.000000 30.000000 -149.000000 1.000000
acid_tube 930.971924 -1074.062012 79.125000 0.000000 173.000000 0.000000 0.000000 0.000000 1.000000 30.000000 173.000000 1.000000
acid_tube 821.169922 -1339.875000 -134.530624 0.000000 -167.000000 84.000000 0.000000 1.000000 0.000000 30.000000 -167.000000 0.000000
booster -218.090454 430.236389 9.125000 0.000000 -4.000000 0.000000 0.000000 0.000000 1.000000 30.000000 -4.000000 1.000000
trapper -225.987106 -48.875000 77.273254 0.000000 9.000000 -92.000000 0.000000 1.000000 0.000000 30.000000 9.000000 0.000000
tesla 928.863892 -666.539978 -183.875000 0.000000 -4.000000 0.000000 0.000000 0.000000 1.000000 30.000000 -4.000000 1.000000
trapper 2047.580444 -1025.123779 880.875000 0.000000 1.000000 180.000000 0.000000 0.000000 -1.000000 30.000000 1.000000 0.000000
booster -230.110474 88.295509 9.125000 0.000000 5.000000 0.000000 0.000000 0.000000 1.000000 30.000000 5.000000 1.000000
acid_tube 217.030670 -474.061798 76.844040 0.000000 -176.000000 -91.000000 0.000000 -0.894427 -0.447214 30.000000 -176.000000 0.000000
trapper 543.145935 -1206.169312 112.875000 0.000000 -2.000000 180.000000 0.000000 0.000000 -1.000000 30.000000 -2.000000 -0.000000
acid_tube 1876.125000 -881.505371 307.551025 0.000000 -174.000000 -174.000000 1.000000 0.000000 0.000000 30.000000 -174.000000 0.000000
eggpod 1764.124268 -511.286957 127.125000 0.000000 -3.000000 0.000000 0.000000 0.000000 1.000000 30.000000 -3.000000 1.000000
acid_tube 544.512268 -1323.875000 61.450493 0.000000 -95.000000 6.000000 0.000000 1.000000 0.000000 30.000000 -95.000000 0.000000
acid_tube 562.859680 -1108.125000 31.643196 0.000000 -122.000000 -146.000000 0.000000 -1.000000 0.000000 30.000000 -122.000000 0.000000
trapper 200.845383 -509.746094 112.875000 0.000000 179.000000 180.000000 0.000000 0.000000 -1.000000 30.000000 179.000000 0.000000
acid_tube -43.875000 -96.872238 88.687683 0.000000 -86.000000 -92.000000 1.000000 0.000000 0.000000 30.000000 -86.000000 0.000000
acid_tube 7.074691 637.699097 100.763794 0.000000 68.000000 135.000000 0.514496 -0.857493 0.000000 30.000000 68.000000 -0.703526
trapper 1328.875000 -1393.966431 50.735878 0.000000 -82.000000 117.000000 -1.000000 0.000000 0.000000 30.000000 -82.000000 -0.447214
trapper 176.875000 487.049805 71.887627 0.000000 -86.000000 90.000000 -1.000000 0.000000 0.000000 30.000000 -86.000000 0.000000
acid_tube 43.875000 393.989807 100.856552 0.000000 88.000000 -90.000000 -1.000000 0.000000 0.000000 30.000000 88.000000 0.000000
acid_tube 202.822311 158.746429 98.000923 0.000000 98.000000 -93.000000 -0.707107 0.000000 -0.707107 30.000000 98.000000 0.000000
acid_tube 1276.912842 -1388.987427 112.875000 0.000000 -82.000000 180.000000 0.000000 0.000000 -1.000000 30.000000 -82.000000 0.000000
acid_tube 935.243896 781.503540 63.125000 0.000000 0.000000 0.000000 0.000000 0.000000 1.000000 30.000000 0.000000 1.000000
trapper 720.365417 -643.091675 131.336182 0.000000 175.000000 125.000000 0.000000 0.800000 -0.600000 30.000000 175.000000 -0.600000
trapper 1507.565674 272.875000 412.969391 0.000000 -135.000000 -132.000000 0.000000 -1.000000 0.000000 30.000000 -135.000000 0.000000
hive 1684.125000 -2326.410889 -68.789536 0.000000 77.000000 92.000000 1.000000 0.000000 0.000000 30.000000 77.000000 0.000000
trapper 2672.875000 -637.853577 599.195801 0.000000 -37.000000 137.000000 -1.000000 0.000000 0.000000 30.000000 -37.000000 0.000000
dcc 1396.116699 -747.920593 -370.875000 0.000000 -2.000000 0.000000 0.000000 0.000000 1.000000 30.000000 -2.000000 1.000000
hive 1876.879639 -1119.519897 -28.125000 0.000000 147.000000 180.000000 0.000000 0.000000 -1.000000 30.000000 147.000000 0.000000
trapper 1555.278809 -1658.709595 144.875000 0.000000 -166.000000 180.000000 0.000000 0.000000 -1.000000 30.000000 -166.000000 0.000000
dcc 1348.208984 -634.061951 -370.875000 0.000000 -1.000000 0.000000 0.000000 0.000000 1.000000 30.000000 -1.000000 1.000000
acid_tube 855.452271 338.043243 15.125000 0.000000 168.000000 0.000000 0.000000 0.000000 1.000000 30.000000 168.000000 1.000000
acid_tube 606.822021 -587.875000 110.851540 0.000000 169.000000 51.000000 0.000000 1.000000 0.000000 30.000000 169.000000 0.333333
dcc 1256.868652 -791.401489 -370.875000 0.000000 -87.000000 0.000000 0.000000 0.000000 1.000000 30.000000 -87.000000 1.000000
hive 1217.723267 -1257.548462 126.089310 0.000000 -92.000000 -66.000000 0.800000 0.000000 -0.600000 30.000000 -92.000000 0.447214
dcc 1136.979126 -633.996582 -370.875000 0.000000 176.000000 0.000000 0.000000 0.000000 1.000000 30.000000 176.000000 1.000000
eggpod 1818.267700 -433.369690 15.125000 0.000000 79.000000 0.000000 0.000000 0.000000 1.000000 30.000000 79.000000 1.000000
dcc 1196.516113 -715.410706 -370.875000 0.000000 -179.000000 0.000000 0.000000 0.000000 1.000000 30.000000 -179.000000 1.000000
booster 1683.301636 -1033.730469 9.125000 0.000000 76.000000 0.000000 0.000000 0.000000 1.000000 30.000000 76.000000 1.000000
acid_tube 1166.125732 468.654694 30.522034 0.000000 -168.000000 0.000000 0.000000 0.707107 0.707107 30.000000 -168.000000 1.000000
acid_tube 1771.875000 -1277.382446 36.835850 0.000000 92.000000 -90.000000 -1.000000 0.000000 0.000000 30.000000 92.000000 0.000000
tesla 1263.507568 -671.828247 -343.875000 0.000000 92.000000 0.000000 0.000000 0.000000 1.000000 30.000000 92.000000 1.000000
trapper 2279.125000 -929.048767 -170.326813 0.000000 90.000000 90.000000 1.000000 0.000000 0.000000 30.000000 90.000000 0.000000
barricade 192.381363 147.764450 -173.478027 0.000000 89.000000 0.000000 0.000000 -0.447214 0.894427 30.000000 89.000000 1.000000
dcc 1322.891235 -710.943298 -370.875000 0.000000 0.000000 0.000000 0.000000 0.000000 1.000000 30.000000 0.000000 1.000000
trapper 1673.190186 -1542.467529 144.875000 0.000000 94.000000 180.000000 0.000000 0.000000 -1.000000 30.000000 94.000000 0.000000
tesla 1262.653809 -725.030762 -343.875000 0.000000 -176.000000 0.000000 0.000000 0.000000 1.000000 30.000000 -176.000000 1.000000
eggpod 2432.398926 -1374.265747 -110.575912 0.000000 -15.000000 24.000000 -0.707107 0.000000 -0.707107 30.000000 -15.000000 0.000000
acid_tube 2126.841797 -1812.125000 -57.699127 0.000000 177.000000 -90.000000 0.000000 -1.000000 0.000000 30.000000 177.000000 0.000000
acid_tube 2388.125000 -899.346802 577.893860 0.000000 150.000000 30.000000 1.000000 0.000000 0.000000 30.000000 150.000000 0.000000
hive 694.263245 -563.985779 185.436493 0.000000 -39.000000 -56.000000 0.624695 0.624695 -0.468521 30.000000 -39.000000 0.000000
booster 2363.256104 -1297.518311 -214.875000 0.000000 147.000000 0.000000 0.000000 0.000000 1.000000 30.000000 147.000000 1.000000
acid_tube 310.496307 20.125000 -205.101822 0.000000 -7.000000 -90.000000 0.000000 1.000000 0.000000 30.000000 -7.000000 0.000000
acid_tube 310.695679 20.125000 -161.915665 0.000000 -8.000000 -90.000000 0.000000 1.000000 0.000000 30.000000 -8.000000 0.000000
acid_tube 461.774475 20.125000 -166.347519 0.000000 -172.000000 88.000000 0.000000 1.000000 0.000000 30.000000 -172.000000 0.000000
acid_tube 459.470825 20.125000 -202.567780 0.000000 -172.000000 90.000000 0.000000 1.000000 0.000000 30.000000 -172.000000 0.000000
barricade 571.651550 156.447937 -169.136261 0.000000 81.000000 0.000000 0.000000 -0.447214 0.894427 30.000000 81.000000 1.000000
acid_tube 1349.067261 -1254.487793 122.038536 0.000000 -79.000000 61.000000 -0.800000 0.000000 -0.600000 30.000000 -79.000000 0.447214
eggpod 120.703934 -113.020515 -111.125000 0.000000 51.000000 180.000000 0.000000 0.000000 -1.000000 30.000000 51.000000 -0.000000
eggpod 2310.545898 -1104.250000 -103.630966 0.000000 -84.000000 180.000000 0.707107 0.000000 -0.707107 30.000000 -84.000000 0.000000
acid_tube 139.875000 -343.165192 -116.699265 0.000000 111.000000 -107.000000 -1.000000 0.000000 0.000000 30.000000 111.000000 0.000000
trapper 1936.766846 -1156.913330 334.875000 0.000000 -146.000000 180.000000 0.000000 0.000000 -1.000000 30.000000 -146.000000 0.000000
acid_tube 2224.267822 -1812.125000 -75.381004 0.000000 3.000000 91.000000 0.000000 -1.000000 0.000000 30.000000 3.000000 0.000000
barricade 1753.346924 -1148.277710 367.125000 0.000000 -4.000000 0.000000 0.000000 0.000000 1.000000 30.000000 -4.000000 1.000000
acid_tube 1515.875000 -2075.752197 -28.513359 0.000000 -81.000000 83.000000 -1.000000 0.000000 0.000000 30.000000 -81.000000 0.000000
eggpod 2377.344238 -1813.754395 -8.422272 0.000000 -84.000000 174.000000 0.000000 -0.707107 -0.707107 30.000000 -84.000000 0.000000
trapper 143.228943 -432.875000 -201.172958 0.000000 -9.000000 -89.000000 0.000000 1.000000 0.000000 30.000000 -9.000000 0.000000
acid_tube 1754.915283 -1259.875000 413.763458 0.000000 -4.000000 -89.000000 0.000000 1.000000 0.000000 30.000000 -4.000000 0.000000
barricade 128.648911 -254.886627 -208.875000 0.000000 -1.000000 0.000000 0.000000 0.000000 1.000000 30.000000 -1.000000 1.000000
eggpod 637.538513 -419.605103 -111.125000 0.000000 -93.000000 180.000000 0.000000 0.000000 -1.000000 30.000000 -93.000000 0.000000
hive 139.875000 -160.888489 -123.164047 0.000000 -105.000000 100.000000 -1.000000 0.000000 0.000000 30.000000 -105.000000 0.000000
barricade 1205.764282 -1208.305664 327.521912 0.000000 -173.000000 0.000000 -0.447214 0.000000 0.894427 30.000000 -173.000000 1.000000
eggpod 823.854248 -1827.194336 5.017647 0.000000 -96.000000 -173.000000 0.000000 -0.707107 -0.707107 30.000000 -96.000000 0.000000
trapper 1072.875000 -721.759827 85.294701 0.000000 165.000000 -15.000000 -1.000000 0.000000 0.000000 30.000000 165.000000 0.000000
acid_tube 1515.875000 -2258.213623 -28.852795 0.000000 -73.000000 81.000000 -1.000000 0.000000 0.000000 30.000000 -73.000000 0.000000
booster 1468.601318 -1875.146240 -214.875000 0.000000 32.000000 0.000000 0.000000 0.000000 1.000000 30.000000 32.000000 1.000000
barricade 2058.424805 -1518.205688 -208.875000 0.000000 62.000000 0.000000 0.000000 0.000000 1.000000 30.000000 62.000000 1.000000
trapper 2057.214355 -878.869812 190.753052 0.000000 96.000000 180.000000 -0.447214 0.000000 -0.894427 30.000000 96.000000 0.000000
eggpod 1716.246460 -1816.051392 -6.125328 0.000000 -103.000000 -166.000000 0.000000 -0.707107 -0.707107 30.000000 -103.000000 0.000000
hive 1515.875000 -2350.838623 -56.411308 0.000000 -78.000000 87.000000 -1.000000 0.000000 0.000000 30.000000 -78.000000 0.000000
acid_tube 644.457886 -170.969498 -208.875000 0.000000 173.000000 0.000000 0.000000 0.000000 1.000000 30.000000 173.000000 1.000000
hive 1515.875000 -1963.985352 -48.614166 0.000000 70.000000 -82.000000 -1.000000 0.000000 0.000000 30.000000 70.000000 0.000000
acid_tube 637.994568 -337.986603 -208.875000 0.000000 166.000000 0.000000 0.000000 0.000000 1.000000 30.000000 166.000000 1.000000
booster 2338.384766 -942.386780 -214.875000 0.000000 -136.000000 0.000000 0.000000 0.000000 1.000000 30.000000 -136.000000 1.000000
acid_tube 2229.078857 -1300.125000 -143.093933 0.000000 1.000000 89.000000 0.000000 -1.000000 0.000000 30.000000 1.000000 0.000000
barricade 642.727051 -260.010651 -208.875000 0.000000 177.000000 0.000000 0.000000 0.000000 1.000000 30.000000 177.000000 1.000000
trapper 1682.131958 -1171.955200 -153.466370 0.000000 -142.000000 77.000000 0.707107 0.707107 0.000000 30.000000 -142.000000 0.000000
eggpod 1780.358154 -1293.721924 -99.852783 0.000000 148.000000 -61.000000 -0.577350 -0.577350 -0.577350 30.000000 148.000000 0.000000
eggpod 964.954407 -1816.721802 -5.454834 0.000000 -84.000000 174.000000 0.000000 -0.707107 -0.707107 30.000000 -84.000000 0.000000
acid_tube 929.402039 -1244.025513 207.125000 0.000000 -110.000000 0.000000 0.000000 0.000000 1.000000 30.000000 -110.000000 1.000000
barricade 2094.462891 -1320.775513 -208.875000 0.000000 23.000000 0.000000 0.000000 0.000000 1.000000 30.000000 23.000000 1.000000
barricade 1963.984375 -1719.968994 -208.875000 0.000000 60.000000 0.000000 0.000000 0.000000 1.000000 30.000000 60.000000 1.000000
acid_tube 1385.392334 -2011.424805 -208.875000 0.000000 15.000000 0.000000 0.000000 0.000000 1.000000 30.000000 15.000000 1.000000
eggpod 1570.853394 -799.199524 528.875000 0.000000 66.000000 180.000000 0.000000 0.000000 -1.000000 30.000000 66.000000 -0.000000
acid_tube 1954.883301 -1812.125000 -61.758183 0.000000 -7.000000 88.000000 0.000000 -1.000000 0.000000 30.000000 -7.000000 0.000000
barricade 2129.696777 -1722.178345 -208.875000 0.000000 111.000000 0.000000 0.000000 0.000000 1.000000 30.000000 111.000000 1.000000
booster 1345.114258 -514.779785 13.125000 0.000000 -162.000000 0.000000 0.000000 0.000000 1.000000 30.000000 -162.000000 1.000000
acid_tube 1693.001343 -1542.819336 -111.125000 0.000000 90.000000 180.000000 0.000000 0.000000 -1.000000 30.000000 90.000000 -0.000000
hive 788.125000 -733.174133 205.496368 0.000000 73.000000 74.000000 1.000000 0.000000 0.000000 30.000000 73.000000 0.000000
acid_tube 1343.878662 -1024.652588 435.125000 0.000000 -179.000000 0.000000 0.000000 0.000000 1.000000 30.000000 -179.000000 1.000000
acid_tube 2146.537109 -1467.105591 -208.875000 0.000000 -68.000000 0.000000 0.000000 0.000000 1.000000 30.000000 -68.000000 1.000000
acid_tube 2340.479980 -1398.764893 -105.941681 0.000000 -48.000000 -63.000000 0.000000 0.707107 -0.707107 30.000000 -48.000000 0.000000
booster 2139.645020 -2285.568359 -214.875000 0.000000 -33.000000 0.000000 0.000000 0.000000 1.000000 30.000000 -33.000000 1.000000
eggpod 1840.776733 -2316.793457 46.616798 0.000000 150.000000 180.000000 0.000000 -0.707107 -0.707107 30.000000 150.000000 0.000000
booster 2451.519287 -2173.899902 -214.875000 0.000000 0.000000 0.000000 0.000000 0.000000 1.000000 30.000000 0.000000 1.000000
acid_tube 1508.710693 -2518.708252 -208.875000 0.000000 -48.000000 0.000000 0.000000 0.000000 1.000000 30.000000 -48.000000 1.000000
acid_tube 814.561096 -806.384277 115.124954 0.000000 163.000000 117.000000 0.707107 0.707107 0.000000 30.000000 163.000000 0.000000
booster 1570.279785 -797.315063 361.125000 0.000000 58.000000 0.000000 0.000000 0.000000 1.000000 30.000000 58.000000 1.000000
acid_tube 1505.261719 -1524.125000 -135.301849 0.000000 -14.000000 97.000000 0.000000 -1.000000 0.000000 30.000000 -14.000000 0.000000
acid_tube 814.101501 -805.924683 162.124725 0.000000 157.000000 110.000000 0.707107 0.707107 0.000000 30.000000 157.000000 0.000000
acid_tube 1754.412109 -1259.875000 375.337341 0.000000 -4.000000 -90.000000 0.000000 1.000000 0.000000 30.000000 -4.000000 0.000000
hive 2046.768311 -1860.125000 -39.375397 0.000000 -87.000000 177.000000 0.000000 -1.000000 0.000000 30.000000 -87.000000 0.000000
trapper 1413.397095 -783.125000 372.066589 0.000000 -68.000000 21.000000 0.000000 -1.000000 0.000000 30.000000 -68.000000 0.000000
acid_tube 597.916504 -436.125000 112.912659 0.000000 173.000000 -137.000000 0.000000 -1.000000 0.000000 30.000000 173.000000 -0.468521
acid_tube 1275.875000 -1740.285156 -127.619110 0.000000 77.000000 -83.000000 -1.000000 0.000000 0.000000 30.000000 77.000000 0.000000
eggpod 614.865295 638.121887 493.042053 0.000000 108.000000 -17.000000 -0.707107 0.000000 0.707107 30.000000 108.000000 0.529813
acid_tube 1268.791138 -1496.098145 -119.967911 0.000000 -95.000000 93.000000 -0.707107 0.000000 -0.707107 30.000000 -95.000000 0.000000
eggpod 687.735291 -882.028870 -112.205727 0.000000 -26.000000 -82.000000 0.000000 0.707107 -0.707107 30.000000 -26.000000 0.000000
acid_tube 504.655762 -891.875000 -128.295151 0.000000 178.000000 90.000000 0.000000 1.000000 0.000000 30.000000 178.000000 0.000000
trapper 1281.348389 -783.125000 371.351074 0.000000 -113.000000 -24.000000 0.000000 -1.000000 0.000000 30.000000 -113.000000 0.000000
trapper 1289.552856 -1261.426758 176.875000 0.000000 -100.000000 127.000000 0.000000 0.000000 -1.000000 30.000000 -100.000000 -0.600000
acid_tube 489.714355 -891.875000 -172.802780 0.000000 -169.000000 88.000000 0.000000 1.000000 0.000000 30.000000 -169.000000 0.000000
trapper 408.160889 -767.125000 -190.619965 0.000000 156.000000 -90.000000 0.000000 -1.000000 0.000000 30.000000 156.000000 0.000000
hive 301.472351 442.704437 111.891800 0.000000 -165.000000 146.000000 0.707107 0.707107 0.000000 30.000000 -165.000000 -0.894427
medistat 875.571899 786.811890 55.125000 0.000000 101.000000 0.000000 0.000000 0.000000 1.000000 30.000000 101.000000 1.000000
hive 361.518127 -811.261658 -116.125000 0.000000 -178.000000 180.000000 0.000000 0.000000 -1.000000 30.000000 -178.000000 0.000000
hive 406.312073 -809.879578 -116.125000 0.000000 -178.000000 180.000000 0.000000 0.000000 -1.000000 30.000000 -178.000000 0.000000
trapper 2424.875000 -1891.002563 -185.672150 0.000000 176.000000 -4.000000 -1.000000 0.000000 0.000000 30.000000 176.000000 0.000000
eggpod 2262.684082 -2312.387939 42.211365 0.000000 52.000000 180.000000 0.000000 -0.707107 -0.707107 30.000000 52.000000 0.000000
hive 1579.875000 -1107.900391 515.249634 0.000000 -97.000000 89.000000 -1.000000 0.000000 0.000000 30.000000 -97.000000 0.000000
booster 1723.303101 -1854.216431 -214.875000 0.000000 113.000000 0.000000 0.000000 0.000000 1.000000 30.000000 113.000000 1.000000
trapper 343.541016 -767.125000 -189.871155 0.000000 170.000000 -90.000000 0.000000 -1.000000 0.000000 30.000000 170.000000 0.000000
repeater 200.422012 -77.669319 175.125000 0.000000 -83.000000 0.000000 0.000000 0.000000 1.000000 30.000000 -83.000000 1.000000
booster 1759.314331 -1301.305908 -214.875000 0.000000 74.000000 0.000000 0.000000 0.000000 1.000000 30.000000 74.000000 1.000000
tesla 854.167908 697.174438 40.125000 0.000000 97.000000 0.000000 0.000000 0.000000 1.000000 30.000000 97.000000 1.000000
acid_tube 1579.875000 -1064.344360 514.402710 0.000000 -93.000000 89.000000 -1.000000 0.000000 0.000000 30.000000 -93.000000 0.000000
acid_tube 1888.420654 -1812.125000 -65.831184 0.000000 -173.000000 -87.000000 0.000000 -1.000000 0.000000 30.000000 -173.000000 0.000000
repeater 934.712219 803.536255 15.124992 0.000000 20.000000 0.000000 0.000000 0.000000 1.000000 30.000000 20.000000 1.000000
acid_tube 1579.875000 -1155.257446 512.530945 0.000000 97.000000 -91.000000 -1.000000 0.000000 0.000000 30.000000 97.000000 0.000000
eggpod 1779.131714 -1645.900757 -113.308487 0.000000 -74.000000 88.000000 -0.707107 0.000000 -0.707107 30.000000 -74.000000 0.000000
booster 415.153778 -843.242493 -214.875000 0.000000 -148.000000 0.000000 0.000000 0.000000 1.000000 30.000000 -148.000000 1.000000
booster 659.713867 -802.459106 -214.875000 0.000000 -54.000000 0.000000 0.000000 0.000000 1.000000 30.000000 -54.000000 1.000000
eggpod 1615.554077 -1518.444702 -111.732048 0.000000 17.000000 135.000000 0.000000 -0.707107 -0.707107 30.000000 17.000000 -0.707107
acid_tube 564.446655 -794.733521 -208.875000 0.000000 -146.000000 0.000000 0.000000 0.000000 1.000000 30.000000 -146.000000 1.000000
booster 491.692139 -548.800659 -214.875000 0.000000 33.000000 0.000000 0.000000 0.000000 1.000000 30.000000 33.000000 1.000000
eggpod 1762.154541 -969.600769 112.875000 0.000000 -1.000000 180.000000 0.000000 0.000000 -1.000000 30.000000 -1.000000 0.000000
trapper -56.874992 -302.947113 -193.413254 0.000000 -69.000000 -89.000000 1.000000 0.000000 0.000000 30.000000 -69.000000 0.000000
acid_tube 719.816650 -300.650116 -208.875000 0.000000 135.000000 0.000000 0.000000 0.000000 1.000000 30.000000 135.000000 1.000000
hive 270.802429 -384.263855 -203.875000 0.000000 -133.000000 0.000000 0.000000 0.000000 1.000000 30.000000 -133.000000 1.000000
acid_tube 1771.875000 -1469.907837 -120.667877 0.000000 76.000000 -79.000000 -1.000000 0.000000 0.000000 30.000000 76.000000 0.000000
mgturret 932.011108 726.734131 68.125000 0.000000 -68.000000 0.000000 0.000000 0.000000 1.000000 -356.254272 288.576294 1.000000
acid_tube 579.497375 -614.528687 -208.875000 0.000000 0.000000 0.000000 0.000000 0.000000 1.000000 30.000000 0.000000 1.000000
trapper 117.483246 131.443497 304.875000 0.000000 88.000000 180.000000 0.000000 0.000000 -1.000000 30.000000 88.000000 0.000000
booster 1701.477417 -1558.983765 -214.875000 0.000000 -109.000000 0.000000 0.000000 0.000000 1.000000 30.000000 -109.000000 1.000000
booster 2357.917480 -1850.487793 -214.875000 0.000000 91.000000 0.000000 0.000000 0.000000 1.000000 30.000000 91.000000 1.000000
trapper 1911.976929 -1066.784546 -17.125000 0.000000 165.000000 180.000000 0.000000 0.000000 -1.000000 30.000000 165.000000 0.000000
eggpod 1491.417603 -1832.004761 9.828110 0.000000 -86.000000 176.000000 0.000000 -0.707107 -0.707107 30.000000 -86.000000 0.000000
booster 405.588593 -247.342209 -214.875000 0.000000 0.000000 0.000000 0.000000 0.000000 1.000000 30.000000 0.000000 1.000000
acid_tube 361.615234 -427.875000 -112.425232 0.000000 -28.000000 -71.000000 0.000000 1.000000 0.000000 30.000000 -28.000000 0.000000
hive 1771.875000 -1275.731689 86.138397 0.000000 95.000000 -92.000000 -1.000000 0.000000 0.000000 30.000000 95.000000 0.000000
acid_tube 716.641968 -215.491272 -208.875000 0.000000 144.000000 0.000000 0.000000 0.000000 1.000000 30.000000 144.000000 1.000000
acid_tube 696.644287 -549.074219 -196.178955 0.000000 45.000000 0.000000 -0.707107 0.000000 0.707107 30.000000 45.000000 1.000000
trapper 824.875000 -238.369995 -182.051575 0.000000 78.000000 -90.000000 -1.000000 0.000000 0.000000 30.000000 78.000000 0.000000
acid_tube 294.316559 -413.308899 -103.794197 0.000000 -85.000000 -5.000000 0.000000 0.447214 -0.894427 30.000000 -85.000000 0.000000
mgturret 1060.171021 670.997925 84.125000 0.000000 -98.000000 0.000000 0.000000 0.000000 1.000000 -351.909973 266.116577 1.000000
trapper 1297.862427 -176.149734 880.875000 0.000000 20.000000 180.000000 0.000000 0.000000 -1.000000 30.000000 20.000000 0.000000
acid_tube 1472.198975 -898.198792 435.125000 0.000000 78.000000 0.000000 0.000000 0.000000 1.000000 30.000000 78.000000 1.000000
acid_tube 1748.695801 -1080.176636 15.125000 0.000000 4.000000 0.000000 0.000000 0.000000 1.000000 30.000000 4.000000 1.000000
trapper 1281.768921 60.431168 880.875000 0.000000 -83.000000 180.000000 0.000000 0.000000 -1.000000 30.000000 -83.000000 0.000000
eggpod 1561.404175 -1549.109863 144.875000 0.000000 146.000000 180.000000 0.000000 0.000000 -1.000000 30.000000 146.000000 -0.000000
acid_tube 344.727509 -620.139526 -208.683655 0.000000 -176.000000 0.000000 0.000000 0.707107 0.707107 30.000000 -176.000000 1.000000
acid_tube 486.226471 -427.875000 -148.454712 0.000000 -83.000000 -12.000000 0.000000 1.000000 0.000000 30.000000 -83.000000 0.000000
hive 1877.269043 -1014.298828 -48.990356 0.000000 -110.000000 180.000000 0.000000 -0.447214 -0.894427 30.000000 -110.000000 0.000000
hive -310.051788 211.655930 228.125000 0.000000 0.000000 0.000000 0.000000 0.000000 1.000000 30.000000 0.000000 1.000000
acid_tube 1216.251587 -1029.207275 435.125000 0.000000 -91.000000 0.000000 0.000000 0.000000 1.000000 30.000000 -91.000000 1.000000
acid_tube 1218.212646 -897.974854 435.125000 0.000000 178.000000 0.000000 0.000000 0.000000 1.000000 30.000000 178.000000 1.000000
acid_tube 1470.677612 -1024.667114 435.125000 0.000000 -90.000000 0.000000 0.000000 0.000000 1.000000 30.000000 -90.000000 1.000000
hive 2529.451904 -715.875000 628.043762 0.000000 -26.000000 -140.000000 0.000000 1.000000 0.000000 30.000000 -26.000000 -0.707106
hive 308.397827 844.221069 73.754524 0.000000 162.000000 -91.000000 0.707107 -0.707107 0.000000 30.000000 162.000000 0.000000
hive 90.325623 -46.960438 107.875000 0.000000 -102.000000 180.000000 0.000000 0.000000 -1.000000 30.000000 -102.000000 0.000000
acid_tube 1722.685913 -584.796997 586.379822 0.000000 2.000000 0.000000 0.000000 -0.707107 0.707107 30.000000 2.000000 1.000000
barricade 1724.105713 -641.997314 559.125000 0.000000 6.000000 0.000000 0.000000 0.000000 1.000000 30.000000 6.000000 1.000000
barricade 1464.480957 -1665.348145 15.125000 0.000000 -177.000000 0.000000 0.000000 0.000000 1.000000 30.000000 -177.000000 1.000000
acid_tube 1335.941650 -896.316040 435.125000 0.000000 -177.000000 0.000000 0.000000 0.000000 1.000000 30.000000 -177.000000 1.000000
acid_tube 1281.025513 -762.600647 127.125000 0.000000 69.000000 41.000000 0.000000 0.000000 1.000000 30.000000 69.000000 0.707107
acid_tube 1652.125000 -929.550964 -176.311691 0.000000 -45.000000 -46.000000 1.000000 0.000000 0.000000 30.000000 -45.000000 -0.707107
trapper -624.875000 256.824707 84.827316 0.000000 179.000000 1.000000 1.000000 0.000000 0.000000 30.000000 179.000000 0.000000
trapper 483.476685 -1408.875000 -155.224579 0.000000 11.000000 -88.000000 0.000000 1.000000 0.000000 30.000000 11.000000 0.000000
acid_tube 1725.820068 -700.016663 591.193420 0.000000 -4.000000 0.000000 0.000000 0.707107 0.707107 30.000000 -4.000000 1.000000
acid_tube 1358.307129 -135.225693 504.875000 0.000000 -86.000000 180.000000 0.000000 0.000000 -1.000000 30.000000 -86.000000 0.000000
trapper 1274.566528 230.003876 176.875000 0.000000 83.000000 180.000000 0.000000 0.000000 -1.000000 30.000000 83.000000 0.000000
eggpod 506.256683 -519.781921 -118.394897 0.000000 -149.000000 -106.000000 0.000000 -0.707107 -0.707107 30.000000 -149.000000 0.000000
acid_tube 1226.047363 228.327301 142.188126 0.000000 56.000000 119.000000 0.800000 0.000000 -0.600000 30.000000 56.000000 -0.468521
hive 1160.988159 41.418594 125.109238 0.000000 127.000000 47.000000 0.800000 0.000000 -0.600000 30.000000 127.000000 0.447214
acid_tube -44.087852 -409.371368 -208.875000 0.000000 -102.000000 0.000000 0.000000 0.000000 1.000000 30.000000 -102.000000 1.000000
trapper 1328.875000 517.041260 57.632374 0.000000 113.000000 -111.000000 -1.000000 0.000000 0.000000 30.000000 113.000000 -0.447214
trapper 1316.612671 -130.734680 504.875000 0.000000 1.000000 180.000000 0.000000 0.000000 -1.000000 30.000000 1.000000 0.000000
hive 674.010071 -1181.597900 107.875000 0.000000 -135.000000 180.000000 0.000000 0.000000 -1.000000 30.000000 -135.000000 0.000000
hive 852.125000 -89.061211 358.555695 0.000000 65.000000 110.000000 1.000000 0.000000 0.000000 30.000000 65.000000 0.000000
acid_tube 1280.572266 -106.601517 127.125000 0.000000 90.000000 0.000000 0.000000 0.000000 1.000000 30.000000 90.000000 1.000000
hive -3.875053 73.551712 199.591354 0.000000 -114.000000 -95.000000 1.000000 0.000000 0.000000 30.000000 -114.000000 0.000000
eggpod 979.535400 115.965645 622.858521 0.000000 -114.000000 -77.000000 0.707107 0.000000 -0.707107 30.000000 -114.000000 0.000000
hive 2051.382080 -2337.157715 -15.018950 0.000000 91.000000 -177.000000 0.000000 -0.707107 -0.707107 30.000000 91.000000 -0.707107
hive 619.875000 85.907433 -117.024399 0.000000 -93.000000 89.000000 -1.000000 0.000000 0.000000 30.000000 -93.000000 0.000000
eggpod 1498.913940 255.218719 470.737244 0.000000 115.000000 180.000000 0.707107 0.000000 -0.707107 30.000000 115.000000 0.000000
eggpod 924.559143 -69.008774 446.382385 0.000000 35.000000 155.000000 0.707107 0.000000 -0.707107 30.000000 35.000000 -0.707107
hive 1912.531616 -642.513977 715.875000 0.000000 -12.000000 180.000000 0.000000 0.000000 -1.000000 30.000000 -12.000000 0.000000
hive 157.777878 280.182648 112.971298 0.000000 -168.000000 174.000000 -0.447214 0.000000 -0.894427 30.000000 -168.000000 -0.894427
acid_tube 159.584045 -1171.405029 -160.875000 0.000000 -177.000000 0.000000 0.000000 0.000000 1.000000 30.000000 -177.000000 1.000000
trapper 847.125000 -48.613449 271.243286 0.000000 116.000000 90.000000 1.000000 0.000000 0.000000 30.000000 116.000000 0.000000
trapper 607.836609 -516.203003 176.875000 0.000000 164.000000 168.000000 0.000000 0.000000 -1.000000 30.000000 164.000000 -0.707107
trapper 219.482941 -98.693825 -133.568954 0.000000 143.000000 -90.000000 0.707107 -0.707107 0.000000 30.000000 143.000000 0.000000
acid_tube 789.356567 -701.562988 -111.125000 0.000000 -177.000000 180.000000 0.000000 0.000000 -1.000000 30.000000 -177.000000 -0.000000
