mgturret 1973.222168 7979.196777 -651.875000 0.000000 173.000000 0.000000 0.000000 0.000000 1.000000 -0.000000 173.000000 1.000000
mgturret 2136.000000 7856.000000 -651.875000 0.000000 0.000000 0.000000 0.000000 0.000000 1.000000 -0.000000 180.000000 0.000000
overmind -372.854370 3496.929443 -850.033325 0.000000 -100.000000 0.000000 -0.050661 0.000000 0.998716 30.000000 -100.000000 1.000000
hive -791.226685 4090.541504 52.596523 0.000000 89.000000 90.000000 0.707107 0.000000 -0.707107 30.000000 89.000000 0.000000
hive -1200.779663 4994.644043 -183.875000 0.000000 97.000000 0.000000 0.000000 0.000000 1.000000 30.000000 97.000000 1.000000
eggpod -1224.000000 5096.000000 -300.875000 0.000000 180.000000 0.000000 0.000000 0.000000 1.000000 30.000000 180.000000 0.000000
mgturret 2739.979736 8076.767578 -571.875000 0.000000 61.000000 0.000000 0.000000 0.000000 1.000000 -0.000000 61.000004 1.000000
mgturret 1792.000000 7658.000000 -619.875000 0.000000 0.000000 0.000000 0.000000 0.000000 1.000000 -0.000000 0.000000 0.000000
mgturret 2755.646973 7837.422852 -603.875000 0.000000 -133.000000 0.000000 0.000000 0.000000 1.000000 -0.000000 47.000004 1.000000
eggpod -791.357483 3882.478027 62.465744 0.000000 -122.000000 161.000000 0.707107 0.000000 -0.707107 30.000000 -122.000000 -0.936329
mgturret 2905.536621 8158.459473 -619.875000 0.000000 58.000000 0.000000 0.000000 0.000000 1.000000 -0.000000 238.000000 1.000000
mgturret 2749.696777 7518.212402 -603.875000 0.000000 -101.000000 0.000000 0.000000 0.000000 1.000000 -0.000000 259.000000 1.000000
mgturret 2443.267090 7362.654785 -603.875000 0.000000 -169.000000 0.000000 0.000000 0.000000 1.000000 -0.000000 191.000000 1.000000
mgturret 2484.590576 7462.154785 -603.875000 0.000000 122.000000 0.000000 0.000000 0.000000 1.000000 -0.000000 302.000000 1.000000
tesla 2913.108643 7359.690430 -583.875000 0.000000 -77.000000 0.000000 0.000000 0.000000 1.000000 30.000000 -77.000000 1.000000
telenode 2820.871826 7393.307129 -619.875000 0.000000 -16.000000 0.000000 0.000000 0.000000 1.000000 30.000000 -16.000000 1.000000
telenode 2889.229736 8078.916992 -635.875000 0.000000 97.000000 0.000000 0.000000 0.000000 1.000000 30.000000 97.000000 1.000000
arm 2892.140625 7811.531738 -610.875000 0.000000 -89.000000 0.000000 0.000000 0.000000 1.000000 30.000000 -89.000000 1.000000
medistat 2891.738770 7893.791016 -616.875000 0.000000 -1.000000 0.000000 0.000000 0.000000 1.000000 30.000000 -1.000000 1.000000
repeater 2744.500732 8129.576172 -624.875000 0.000000 -14.000000 0.000000 0.000000 0.000000 1.000000 30.000000 -14.000000 1.000000
mgturret 1891.999390 7877.014648 -587.875000 0.000000 84.000000 0.000000 0.000000 0.000000 1.000000 -0.000000 84.000000 1.000000
mgturret 1645.246094 7694.435059 -555.893005 0.000000 101.000000 0.000000 0.000000 0.000000 1.000000 -0.000000 101.000000 1.000000
mgturret 1886.567749 7352.704590 -599.875000 0.000000 5.000000 0.000000 0.000000 0.000000 1.000000 -0.000000 5.000000 1.000000
mgturret 2221.380615 7364.427246 -603.875000 0.000000 -12.000000 0.000000 0.000000 0.000000 1.000000 -0.000000 348.000000 1.000000
tesla 1573.070557 7369.662109 -583.875000 0.000000 -155.000000 0.000000 0.000000 0.000000 1.000000 30.000000 -155.000000 1.000000
mgturret 2344.566650 7966.695312 -555.875000 0.000000 164.000000 0.000000 0.000000 0.000000 1.000000 -0.000000 164.000000 1.000000
repeater 1884.236206 7961.339355 -656.875000 0.000000 -5.000000 0.000000 0.000000 0.000000 1.000000 30.000000 -5.000000 1.000000
telenode 1585.147705 7454.720703 -635.875000 0.000000 -91.000000 0.000000 0.000000 0.000000 1.000000 30.000000 -91.000000 1.000000
mgturret 1338.349243 7406.268066 -427.875000 0.000000 -100.000000 0.000000 0.000000 0.000000 1.000000 -0.000000 80.000000 1.000000
repeater 978.761841 7646.770508 -600.875000 0.000000 -159.000000 0.000000 0.000000 0.000000 1.000000 30.000000 -159.000000 1.000000
tesla 1350.375854 7671.265625 -409.875000 0.000000 -163.000000 0.000000 0.000000 0.000000 1.000000 30.000000 -163.000000 1.000000
mgturret 1694.467651 7532.385254 -619.875000 0.000000 -177.000000 0.000000 0.000000 0.000000 1.000000 -0.000000 3.000005 1.000000
repeater 878.257874 3736.745605 -608.875000 0.000000 -90.000000 0.000000 0.000000 0.000000 1.000000 30.000000 -90.000000 1.000000
mgturret 1431.015869 7566.302246 -429.875000 0.000000 -13.000000 0.000000 0.000000 0.000000 1.000000 -0.000000 167.000000 1.000000
mgturret 1335.605103 7902.413574 -429.875000 0.000000 18.000000 0.000000 0.000000 0.000000 1.000000 -0.000000 18.000000 1.000000
repeater 1447.672119 7785.673340 -600.875000 0.000000 -10.000000 0.000000 0.000000 0.000000 1.000000 30.000000 -10.000000 1.000000
mgturret 1259.620361 7810.604980 -427.875000 0.000000 -18.000000 0.000000 0.000000 0.000000 1.000000 -0.000000 342.000000 1.000000
mgturret 996.801514 7841.484863 -429.875000 0.000000 -60.000000 0.000000 0.000000 0.000000 1.000000 -0.000000 300.000000 1.000000
repeater 1340.374756 7730.833496 -600.875000 0.000000 -107.000000 0.000000 0.000000 0.000000 1.000000 30.000000 -107.000000 1.000000
mgturret 716.212402 7908.659180 -427.875000 0.000000 51.000000 0.000000 0.000000 0.000000 1.000000 -0.000000 231.000000 1.000000
arm 1431.067627 7801.991211 -434.875000 0.000000 95.000000 0.000000 0.000000 0.000000 1.000000 30.000000 95.000000 1.000000
repeater 1347.646362 7744.368164 -434.875000 0.000000 -133.000000 0.000000 0.000000 0.000000 1.000000 30.000000 -133.000000 1.000000
telenode 547.772278 7882.992188 -445.875000 0.000000 -178.000000 0.000000 0.000000 0.000000 1.000000 30.000000 -178.000000 1.000000
medistat 822.469299 7854.624023 -442.875000 0.000000 115.000000 0.000000 0.000000 0.000000 1.000000 30.000000 115.000000 1.000000
mgturret 1254.791992 7810.264160 -595.875000 0.000000 -97.000000 0.000000 0.000000 0.000000 1.000000 -0.000000 83.000000 1.000000
tesla 1421.020264 7827.520020 -575.875000 0.000000 -32.000000 0.000000 0.000000 0.000000 1.000000 30.000000 -32.000000 1.000000
mgturret 297.670502 7503.095703 -583.875000 0.000000 -138.000000 0.000000 0.000000 0.000000 1.000000 -0.000000 42.000000 1.000000
mgturret 672.651611 7646.366211 -595.875000 0.000000 122.000000 0.000000 0.000000 0.000000 1.000000 -0.000000 122.000000 1.000000
repeater -1178.912109 6028.810059 -304.875000 0.000000 9.000000 0.000000 0.000000 0.000000 1.000000 30.000000 9.000000 1.000000
mgturret 481.550201 7952.719238 -595.875000 0.000000 96.000000 0.000000 0.000000 0.000000 1.000000 -0.000000 276.000000 1.000000
arm 1186.734131 7379.499512 -530.875000 0.000000 -98.000000 0.000000 0.000000 0.000000 1.000000 30.000000 -98.000000 1.000000
mgturret -512.539673 5123.882324 -295.875000 0.000000 128.000000 0.000000 0.000000 0.000000 1.000000 -0.000000 308.000000 1.000000
mgturret 374.026367 7446.233887 -487.875000 0.000000 125.000000 0.000000 0.000000 0.000000 1.000000 -0.000000 125.000000 1.000000
mgturret 643.368835 7435.546875 -487.875000 0.000000 124.000000 0.000000 0.000000 0.000000 1.000000 -0.000000 123.999992 1.000000
repeater 963.107971 8012.086914 -600.875000 0.000000 156.000000 0.000000 0.000000 0.000000 1.000000 30.000000 156.000000 1.000000
medistat 1098.074829 7379.833008 -538.875000 0.000000 -7.000000 0.000000 0.000000 0.000000 1.000000 30.000000 -7.000000 1.000000
mgturret 1197.506104 7772.083496 -391.875000 0.000000 76.000000 0.000000 0.000000 0.000000 1.000000 -0.000000 76.000000 1.000000
mgturret 930.778625 7484.442383 -487.875000 0.000000 67.000000 0.000000 0.000000 0.000000 1.000000 -0.000000 67.000000 1.000000
mgturret 952.732178 7331.732422 -525.875000 0.000000 -109.000000 0.000000 0.000000 0.000000 1.000000 -0.000000 71.000000 1.000000
telenode 1402.212280 7900.049805 -611.875000 0.000000 -19.000000 0.000000 0.000000 0.000000 1.000000 30.000000 -19.000000 1.000000
telenode 347.756317 7353.417480 -541.875000 0.000000 -174.000000 0.000000 0.000000 0.000000 1.000000 30.000000 -174.000000 1.000000
mgturret 541.310364 7348.039551 -525.875000 0.000000 -72.000000 0.000000 0.000000 0.000000 1.000000 -0.000000 108.000000 1.000000
telenode 1420.779663 7981.466797 -611.875000 0.000000 -8.000000 0.000000 0.000000 0.000000 1.000000 30.000000 -8.000000 1.000000
medistat 1427.438721 7890.681152 -440.875000 0.000000 7.000000 0.000000 0.000000 0.000000 1.000000 30.000000 7.000000 1.000000
telenode -295.716400 4605.703125 -265.875000 0.000000 -20.000000 0.000000 0.000000 0.000000 1.000000 30.000000 -20.000000 1.000000
repeater -538.579590 7270.866699 -346.875000 0.000000 -31.000000 0.000000 0.000000 0.000000 1.000000 30.000000 -31.000000 1.000000
repeater -1234.450073 6812.214844 -346.875000 0.000000 -59.000000 0.000000 0.000000 0.000000 1.000000 30.000000 -59.000000 1.000000
mgturret -15.678555 3976.931641 -843.875000 0.000000 -139.000000 0.000000 0.000000 0.000000 1.000000 -0.000000 40.999992 1.000000
booster -666.335999 3961.301025 -298.875000 0.000000 84.000000 0.000000 0.000000 0.000000 1.000000 30.000000 84.000000 1.000000
repeater -1232.658936 6780.271973 -346.875000 0.000000 -132.000000 0.000000 0.000000 0.000000 1.000000 30.000000 -132.000000 1.000000
barricade -757.935608 3885.541016 -284.876984 0.000000 -1.000000 0.000000 0.000000 0.000000 1.000000 30.000000 -1.000000 1.000000
arm -761.041870 7225.380371 -582.875000 0.000000 4.000000 0.000000 0.000000 0.000000 1.000000 30.000000 4.000000 1.000000
repeater -745.384644 7254.326660 -346.875000 0.000000 -53.000000 0.000000 0.000000 0.000000 1.000000 30.000000 -53.000000 1.000000
medistat -765.924622 7304.418457 -590.875000 0.000000 1.000000 0.000000 0.000000 0.000000 1.000000 30.000000 1.000000 1.000000
mgturret 485.706635 7837.686035 -391.875000 0.000000 177.000000 0.000000 0.000000 0.000000 1.000000 -0.000000 357.000000 1.000000
mgturret 913.712708 7514.178711 -595.875000 0.000000 -140.000000 0.000000 0.000000 0.000000 1.000000 -0.000000 40.000000 1.000000
repeater 2335.138428 7348.845703 -432.875000 0.000000 -128.000000 0.000000 0.000000 0.000000 1.000000 30.000000 -128.000000 1.000000
repeater 2777.235840 7343.856445 -432.875000 0.000000 -109.000000 0.000000 0.000000 0.000000 1.000000 30.000000 -109.000000 1.000000
tesla 2569.593750 7359.900391 -407.875000 0.000000 -141.000000 0.000000 0.000000 0.000000 1.000000 30.000000 -141.000000 1.000000
telenode 1587.908081 8147.233398 -667.875000 0.000000 133.000000 0.000000 0.000000 0.000000 1.000000 30.000000 133.000000 1.000000
medistat 1604.974121 7925.467773 -632.875000 0.000000 180.000000 0.000000 0.000000 0.000000 1.000000 30.000000 180.000000 1.000000
telenode 1889.937866 8044.539062 -667.875000 0.000000 -86.000000 0.000000 0.000000 0.000000 1.000000 30.000000 -86.000000 1.000000
repeater 601.224243 3727.874512 -608.875000 0.000000 -122.000000 0.000000 0.000000 0.000000 1.000000 30.000000 -122.000000 1.000000
mgturret 1317.418335 5683.512695 -207.875000 0.000000 164.000000 0.000000 0.000000 0.000000 1.000000 -0.000000 344.000000 1.000000
tesla 1320.419800 5498.920410 -187.875000 0.000000 -109.000000 0.000000 0.000000 0.000000 1.000000 30.000000 -109.000000 1.000000
mgturret 1905.212524 4638.522461 -707.875000 0.000000 -89.000000 0.000000 0.000000 0.000000 1.000000 -0.000000 271.000000 1.000000
tesla 1894.567261 5743.335938 -839.875000 0.000000 46.000000 0.000000 0.000000 0.000000 1.000000 30.000000 46.000000 1.000000
repeater -813.466980 6446.887207 -480.875000 0.000000 67.000000 0.000000 0.000000 0.000000 1.000000 30.000000 67.000000 1.000000
tesla -1342.320068 7242.933105 -295.873810 0.000000 85.000000 0.000000 0.000000 0.000000 1.000000 30.000000 85.000000 1.000000
tesla -864.393127 6463.883789 -455.875000 0.000000 23.000000 0.000000 0.000000 0.000000 1.000000 30.000000 23.000000 1.000000
tesla -1339.045654 7074.558105 -295.873810 0.000000 177.000000 0.000000 0.000000 0.000000 1.000000 30.000000 177.000000 1.000000
tesla -1339.890137 6879.937012 -295.873810 0.000000 -173.000000 0.000000 0.000000 0.000000 1.000000 30.000000 -173.000000 1.000000
tesla -1298.159180 6736.386230 -283.875000 0.000000 -119.000000 0.000000 0.000000 0.000000 1.000000 30.000000 -119.000000 1.000000
tesla -1322.157837 7348.418945 -295.873810 0.000000 137.000000 0.000000 0.000000 0.000000 1.000000 30.000000 137.000000 1.000000
tesla -594.289368 7198.007812 -283.875000 0.000000 -27.000000 0.000000 0.000000 0.000000 1.000000 30.000000 -27.000000 1.000000
barricade -759.600769 4053.439697 -300.875000 0.000000 -5.000000 0.000000 0.000000 0.000000 1.000000 30.000000 -5.000000 1.000000
barricade -771.152649 4143.678223 -300.875000 0.000000 -1.000000 0.000000 0.000000 0.000000 1.000000 30.000000 -1.000000 1.000000
barricade -771.224426 4222.350098 -300.875000 0.000000 -2.000000 0.000000 0.000000 0.000000 1.000000 30.000000 -2.000000 1.000000
mgturret -1327.227295 6002.016113 -299.875000 0.000000 111.000000 0.000000 0.000000 0.000000 1.000000 -0.000000 291.000000 1.000000
eggpod 555.507202 6283.793945 -31.124998 0.000000 94.000000 179.000000 0.000000 0.000000 -1.000000 30.000000 94.000000 -0.944497
repeater -1316.439819 5229.213379 -304.875000 0.000000 -115.000000 0.000000 0.000000 0.000000 1.000000 30.000000 -115.000000 1.000000
arm 886.036072 7960.664551 -602.875000 0.000000 180.000000 0.000000 0.000000 0.000000 1.000000 30.000000 180.000000 1.000000
telenode -1295.161499 5442.323730 -315.875000 0.000000 -134.000000 0.000000 0.000000 0.000000 1.000000 30.000000 -134.000000 1.000000
telenode -1299.273560 5895.361816 -315.875000 0.000000 123.000000 0.000000 0.000000 0.000000 1.000000 30.000000 123.000000 1.000000
mgturret -1192.323730 5661.867188 -299.875000 0.000000 68.000000 0.000000 0.000000 0.000000 1.000000 -0.000000 68.000000 1.000000
telenode -455.773926 7245.185547 -591.875000 0.000000 -50.000000 0.000000 0.000000 0.000000 1.000000 30.000000 -50.000000 1.000000
telenode -70.633347 7235.623047 -591.875000 0.000000 -15.000000 0.000000 0.000000 0.000000 1.000000 30.000000 -15.000000 1.000000
booster 554.964050 6261.023438 -486.875000 0.000000 98.000000 0.000000 0.000000 0.000000 1.000000 30.000000 98.000000 1.000000
mgturret -564.295044 7378.951172 -575.875000 0.000000 134.000000 0.000000 0.000000 0.000000 1.000000 -0.000000 314.000000 1.000000
mgturret -1124.189941 7234.332031 -575.875000 0.000000 -115.000000 0.000000 0.000000 0.000000 1.000000 -0.000000 64.999992 1.000000
mgturret -1353.875488 7366.092773 -575.875000 0.000000 152.000000 0.000000 0.000000 0.000000 1.000000 -0.000000 332.000000 1.000000
tesla -1185.316406 7346.924316 -555.875000 0.000000 15.000000 0.000000 0.000000 0.000000 1.000000 30.000000 15.000000 1.000000
mgturret -1195.311401 6735.103516 -575.875000 0.000000 -83.000000 0.000000 0.000000 0.000000 1.000000 -0.000000 97.000000 1.000000
tesla -1360.545410 6730.303711 -555.875000 0.000000 -144.000000 0.000000 0.000000 0.000000 1.000000 30.000000 -144.000000 1.000000
mgturret -1345.146362 7004.272461 -575.875000 0.000000 -140.000000 0.000000 0.000000 0.000000 1.000000 -0.000000 40.000000 1.000000
eggpod 428.895752 4219.628418 -396.927490 0.000000 -14.000000 0.000000 -0.707107 0.000000 0.707107 30.000000 -14.000000 1.000000
telenode -1302.881348 7196.078125 -591.875000 0.000000 143.000000 0.000000 0.000000 0.000000 1.000000 30.000000 143.000000 1.000000
mgturret -1483.668091 6460.622559 -579.875000 0.000000 50.000000 0.000000 0.000000 0.000000 1.000000 -0.000000 50.000000 1.000000
mgturret -318.232117 7464.581055 -575.875000 0.000000 -158.000000 0.000000 0.000000 0.000000 1.000000 -0.000000 21.999992 1.000000
tesla -53.246910 7589.757812 -559.875000 0.000000 -14.000000 0.000000 0.000000 0.000000 1.000000 30.000000 -14.000000 1.000000
mgturret -1485.347534 6547.807617 -515.875000 0.000000 159.000000 0.000000 0.000000 0.000000 1.000000 -0.000000 159.000000 1.000000
mgturret -1616.151611 6120.443848 -579.875000 0.000000 -151.000000 0.000000 0.000000 0.000000 1.000000 -0.000000 28.999994 1.000000
mgturret -136.714310 7391.009277 -515.875000 0.000000 106.000000 0.000000 0.000000 0.000000 1.000000 -0.000000 106.000000 1.000000
repeater -1153.241699 7258.156250 -346.875000 0.000000 -45.000000 0.000000 0.000000 0.000000 1.000000 30.000000 -45.000000 1.000000
tesla -601.878906 7217.541016 -555.875000 0.000000 -61.000000 0.000000 0.000000 0.000000 1.000000 30.000000 -61.000000 1.000000
repeater -1488.634521 6352.128418 -584.875000 0.000000 106.000000 0.000000 0.000000 0.000000 1.000000 30.000000 106.000000 1.000000
tesla -1403.358032 5027.944336 -279.875000 0.000000 6.000000 0.000000 0.000000 0.000000 1.000000 30.000000 6.000000 1.000000
mgturret -1641.962280 5449.731445 -299.875000 0.000000 110.000000 0.000000 0.000000 0.000000 1.000000 -0.000000 290.000000 1.000000
telenode -1452.547852 5426.493652 -315.875000 0.000000 25.000000 0.000000 0.000000 0.000000 1.000000 30.000000 25.000000 1.000000
booster 146.404068 4221.437500 -402.260864 0.000000 -166.000000 0.000000 0.000000 0.707107 0.707107 30.000000 -166.000000 1.000000
eggpod 98.166817 4215.938965 -401.761963 0.000000 -170.000000 0.000000 0.000000 0.707107 0.707107 30.000000 -170.000000 1.000000
mgturret -1626.571777 5105.194824 -297.875000 0.000000 -178.000000 0.000000 0.000000 0.000000 1.000000 -359.694733 273.244354 1.000000
mgturret -1183.701538 5230.328125 -299.875000 0.000000 -46.000000 0.000000 0.000000 0.000000 1.000000 -0.000000 134.000000 1.000000
mgturret -1293.760864 5541.186523 -299.875000 0.000000 168.000000 0.000000 0.000000 0.000000 1.000000 -0.000000 348.000000 1.000000
telenode -68.394608 7327.456543 -595.875000 0.000000 36.000000 0.000000 0.000000 0.000000 1.000000 30.000000 36.000000 1.000000
repeater 284.842957 7337.283691 -530.875000 0.000000 -143.000000 0.000000 0.000000 0.000000 1.000000 30.000000 -143.000000 1.000000
reactor -260.404205 3482.899902 -851.366516 0.000000 -96.000000 0.000000 -0.178258 0.000000 0.983984 30.000000 -96.000000 1.000000
tesla -1162.393677 6601.369141 -559.875000 0.000000 26.000000 0.000000 0.000000 0.000000 1.000000 30.000000 26.000000 1.000000
repeater -613.697083 6159.710449 -848.875000 0.000000 2.000000 0.000000 0.000000 0.000000 1.000000 30.000000 2.000000 1.000000
booster 367.446503 4257.481445 -414.875000 0.000000 0.000000 0.000000 0.000000 0.000000 1.000000 30.000000 0.000000 1.000000
tesla -1424.794556 6302.408691 -559.875000 0.000000 59.000000 0.000000 0.000000 0.000000 1.000000 30.000000 59.000000 1.000000
mgturret -1175.695312 6595.084473 -299.875000 0.000000 62.000000 0.000000 0.000000 0.000000 1.000000 -0.000000 242.000000 1.000000
mgturret -1307.554688 6396.360840 -299.875000 0.000000 107.000000 0.000000 0.000000 0.000000 1.000000 -0.000000 287.000000 1.000000
telenode 754.241577 7360.798828 -541.875000 0.000000 -153.000000 0.000000 0.000000 0.000000 1.000000 30.000000 -153.000000 1.000000
tesla 1577.465332 8152.241699 -285.875000 0.000000 125.000000 0.000000 0.000000 0.000000 1.000000 30.000000 125.000000 1.000000
tesla 2895.897705 8153.373535 -284.875000 0.000000 45.000000 0.000000 0.000000 0.000000 1.000000 30.000000 45.000000 1.000000
medistat 2437.791748 8087.342773 -632.875000 0.000000 90.000000 0.000000 0.000000 0.000000 1.000000 30.000000 90.000000 1.000000
telenode 1586.411987 7542.958008 -635.875000 0.000000 174.000000 0.000000 0.000000 0.000000 1.000000 30.000000 174.000000 1.000000
telenode 1674.012085 7618.652344 -635.875000 0.000000 -169.000000 0.000000 0.000000 0.000000 1.000000 30.000000 -169.000000 1.000000
arm 2356.157715 8078.791992 -626.875000 0.000000 -174.000000 0.000000 0.000000 0.000000 1.000000 30.000000 -174.000000 1.000000
tesla 2166.772705 8136.126465 -631.875000 0.000000 115.000000 0.000000 0.000000 0.000000 1.000000 30.000000 115.000000 1.000000
mgturret 1601.213013 7499.215332 -427.875000 0.000000 -159.000000 0.000000 0.000000 0.000000 1.000000 -0.000000 201.000000 1.000000
mgturret 1869.349731 7432.564941 -427.875000 0.000000 -107.000000 0.000000 0.000000 0.000000 1.000000 -0.000000 253.000000 1.000000
mgturret -484.381683 5820.083984 -843.875000 0.000000 90.000000 0.000000 0.000000 0.000000 1.000000 -0.000000 270.000000 1.000000
mgturret -240.954895 5770.555664 -843.875000 0.000000 4.000000 0.000000 0.000000 0.000000 1.000000 -0.000000 184.000000 1.000000
mgturret -288.362427 5572.013184 -843.875000 0.000000 -100.000000 0.000000 0.000000 0.000000 1.000000 -0.000000 80.000000 1.000000
mgturret -526.566589 5626.778809 -843.875000 0.000000 -174.000000 0.000000 0.000000 0.000000 1.000000 -0.000000 6.000001 1.000000
repeater 136.063995 5783.379883 -848.875000 0.000000 -18.000000 0.000000 0.000000 0.000000 1.000000 30.000000 -18.000000 1.000000
mgturret 147.530945 5228.972656 -427.875000 0.000000 -14.000000 0.000000 0.000000 0.000000 1.000000 -0.000000 166.000000 1.000000
mgturret -902.163879 5268.924805 -427.875000 0.000000 -138.000000 0.000000 0.000000 0.000000 1.000000 -0.000000 42.000000 1.000000
mgturret 988.735229 4486.962891 -539.875000 0.000000 107.000000 0.000000 0.000000 0.000000 1.000000 -0.000000 107.000000 1.000000
tesla 954.410217 4755.028320 -583.875000 0.000000 62.000000 0.000000 0.000000 0.000000 1.000000 30.000000 62.000000 1.000000
repeater 596.226868 4735.602051 -608.875000 0.000000 83.000000 0.000000 0.000000 0.000000 1.000000 30.000000 83.000000 1.000000
mgturret 646.308899 4589.801758 -539.875000 0.000000 73.000000 0.000000 0.000000 0.000000 1.000000 -0.000000 253.000000 1.000000
mgturret 685.397888 3776.229980 -603.875000 0.000000 178.000000 0.000000 0.000000 0.000000 1.000000 -0.000000 178.000000 1.000000
mgturret 1158.644165 3740.459229 -603.875000 0.000000 -6.000000 0.000000 0.000000 0.000000 1.000000 -0.000000 174.000000 1.000000
mgturret 989.136902 3786.887939 -603.875000 0.000000 155.000000 0.000000 0.000000 0.000000 1.000000 -0.000000 155.000000 1.000000
arm 1158.338379 4644.649414 -610.875000 0.000000 88.000000 0.000000 0.000000 0.000000 1.000000 30.000000 88.000000 1.000000
medistat 1130.750244 4404.751465 -616.875000 0.000000 -6.000000 0.000000 0.000000 0.000000 1.000000 30.000000 -6.000000 1.000000
mgturret 667.886353 4309.455078 -603.875000 0.000000 83.000000 0.000000 0.000000 0.000000 1.000000 -0.000000 83.000000 1.000000
telenode 1144.403809 3772.686035 -859.875000 0.000000 -8.000000 0.000000 0.000000 0.000000 1.000000 30.000000 -8.000000 1.000000
telenode 1046.753540 3775.095947 -859.875000 0.000000 -27.000000 0.000000 0.000000 0.000000 1.000000 30.000000 -27.000000 1.000000
telenode 1125.437012 4365.989746 -859.875000 0.000000 17.000000 0.000000 0.000000 0.000000 1.000000 30.000000 17.000000 1.000000
mgturret 959.100525 4288.566895 -843.875000 0.000000 -148.000000 0.000000 0.000000 0.000000 1.000000 -0.000000 32.000004 1.000000
mgturret 955.118408 3857.682129 -843.875000 0.000000 109.000000 0.000000 0.000000 0.000000 1.000000 -0.000000 109.000000 1.000000
mgturret 863.450195 4232.230469 -715.875000 0.000000 179.000000 0.000000 0.000000 0.000000 1.000000 -0.000000 179.000000 1.000000
tesla 611.480347 4186.835938 -823.875000 0.000000 -139.000000 0.000000 0.000000 0.000000 1.000000 30.000000 -139.000000 1.000000
mgturret 775.740112 3877.603027 -843.875000 0.000000 83.000000 0.000000 0.000000 0.000000 1.000000 -0.000000 83.000000 1.000000
leech -132.134796 3881.159912 -805.290833 0.000000 10.000000 0.000000 0.000000 -0.923077 0.384615 30.000000 10.000000 1.000000
hive -11.319603 3938.913086 -730.883789 0.000000 -165.000000 0.000000 0.000000 -0.923077 0.384615 30.000000 -165.000000 1.000000
booster -263.224243 3891.629150 -855.052185 0.000000 138.000000 0.000000 -0.143429 0.000000 0.989661 30.000000 138.000000 1.000000
eggpod -1828.323120 4236.201172 -47.965073 0.000000 115.000000 160.000000 0.819232 0.000000 -0.573462 30.000000 115.000000 -0.936329
booster -1822.035522 4166.277344 -282.875000 0.000000 172.000000 0.000000 0.000000 0.000000 1.000000 30.000000 172.000000 1.000000
barricade -1132.466431 4890.065430 -300.875000 0.000000 59.000000 0.000000 0.000000 0.000000 1.000000 30.000000 59.000000 1.000000
barricade -989.350098 4824.021973 -300.875000 0.000000 65.000000 0.000000 0.000000 0.000000 1.000000 30.000000 65.000000 1.000000
barricade -1291.352661 4860.402344 -281.683929 0.000000 87.000000 0.000000 0.447214 0.000000 0.894427 30.000000 87.000000 1.000000
barricade -1523.329956 4132.509766 -276.875000 0.000000 -177.000000 0.000000 0.000000 0.000000 1.000000 30.000000 -177.000000 1.000000
barricade -1521.124756 4211.442871 -276.875000 0.000000 167.000000 0.000000 0.000000 0.000000 1.000000 30.000000 167.000000 1.000000
barricade -1515.855225 4307.862305 -276.875000 0.000000 -125.000000 0.000000 0.000000 0.000000 1.000000 30.000000 -125.000000 1.000000
barricade -1728.694946 4251.453125 -277.875000 0.000000 103.000000 0.000000 0.000000 0.000000 1.000000 30.000000 103.000000 1.000000
barricade -1642.358398 4255.031250 -276.875000 0.000000 87.000000 0.000000 0.000000 0.000000 1.000000 30.000000 87.000000 1.000000
mgturret -87.444839 4222.889160 -827.875000 0.000000 50.000000 0.000000 0.000000 0.000000 1.000000 -0.000000 230.000000 1.000000
mgturret -448.784210 4225.571289 -823.875000 0.000000 164.000000 0.000000 0.000000 0.000000 1.000000 -0.000000 164.000000 1.000000
mgturret -296.633698 4016.580078 -843.875000 0.000000 -43.000000 0.000000 0.000000 0.000000 1.000000 -0.000000 317.000000 1.000000
telenode -259.546448 4131.482422 -859.875000 0.000000 99.000000 0.000000 0.000000 0.000000 1.000000 30.000000 99.000000 1.000000
arm -833.728699 3988.985352 -850.875000 0.000000 175.000000 0.000000 0.000000 0.000000 1.000000 30.000000 175.000000 1.000000
medistat -749.555786 3978.549316 -856.875000 0.000000 -159.000000 0.000000 0.000000 0.000000 1.000000 30.000000 -159.000000 1.000000
mgturret -710.453064 4211.687012 -843.875000 0.000000 25.000000 0.000000 0.000000 0.000000 1.000000 -0.000000 205.000000 1.000000
mgturret -924.524170 4328.364258 -843.875000 0.000000 163.000000 0.000000 0.000000 0.000000 1.000000 -0.000000 343.000000 1.000000
mgturret -756.263672 4935.552734 -843.875000 0.000000 42.000000 0.000000 0.000000 0.000000 1.000000 -0.000000 222.000000 1.000000
tesla -759.711670 4676.707520 -823.875000 0.000000 12.000000 0.000000 0.000000 0.000000 1.000000 30.000000 12.000000 1.000000
tesla 225.881210 4027.045166 -823.875000 0.000000 -116.000000 0.000000 0.000000 0.000000 1.000000 30.000000 -116.000000 1.000000
repeater 863.249573 5063.913086 -848.875000 0.000000 54.000000 0.000000 0.000000 0.000000 1.000000 30.000000 54.000000 1.000000
repeater 901.642700 5064.156250 -848.875000 0.000000 38.000000 0.000000 0.000000 0.000000 1.000000 30.000000 38.000000 1.000000
tesla 555.162476 4985.124023 -823.875000 0.000000 148.000000 0.000000 0.000000 0.000000 1.000000 30.000000 148.000000 1.000000
repeater 1067.611938 5064.464355 -848.875000 0.000000 -3.000000 0.000000 0.000000 0.000000 1.000000 30.000000 -3.000000 1.000000
repeater 1057.248047 5030.956055 -848.875000 0.000000 -25.000000 0.000000 0.000000 0.000000 1.000000 30.000000 -25.000000 1.000000
repeater 1006.363647 5055.928711 -848.875000 0.000000 -16.000000 0.000000 0.000000 0.000000 1.000000 30.000000 -16.000000 1.000000
repeater 620.721191 5063.189941 -848.875000 0.000000 -176.000000 0.000000 0.000000 0.000000 1.000000 30.000000 -176.000000 1.000000
repeater 666.662415 5063.520996 -848.875000 0.000000 -175.000000 0.000000 0.000000 0.000000 1.000000 30.000000 -175.000000 1.000000
repeater 655.611816 5021.021484 -848.875000 0.000000 119.000000 0.000000 0.000000 0.000000 1.000000 30.000000 119.000000 1.000000
tesla 607.276855 5014.552246 -823.875000 0.000000 106.000000 0.000000 0.000000 0.000000 1.000000 30.000000 106.000000 1.000000
tesla 709.575562 5028.050781 -823.875000 0.000000 57.000000 0.000000 0.000000 0.000000 1.000000 30.000000 57.000000 1.000000
mgturret 2257.674316 6912.247559 -575.875000 0.000000 -37.000000 0.000000 0.000000 0.000000 1.000000 -0.000000 143.000000 1.000000
tesla 757.336243 5057.806152 -823.875000 0.000000 171.000000 0.000000 0.000000 0.000000 1.000000 30.000000 171.000000 1.000000
tesla 761.470703 5006.770508 -823.875000 0.000000 -155.000000 0.000000 0.000000 0.000000 1.000000 30.000000 -155.000000 1.000000
mgturret 1853.298828 6943.632324 -585.720947 0.000000 -168.000000 0.000000 -0.162749 0.000000 0.986667 -9.160048 192.157349 1.000000
tesla 823.445129 4992.783203 -823.875000 0.000000 37.000000 0.000000 0.000000 0.000000 1.000000 30.000000 37.000000 1.000000
tesla 812.140259 5038.725098 -823.875000 0.000000 79.000000 0.000000 0.000000 0.000000 1.000000 30.000000 79.000000 1.000000
tesla 893.789368 4979.012695 -823.875000 0.000000 8.000000 0.000000 0.000000 0.000000 1.000000 30.000000 8.000000 1.000000
tesla 947.785461 4970.225098 -823.875000 0.000000 -89.000000 0.000000 0.000000 0.000000 1.000000 30.000000 -89.000000 1.000000
tesla 944.982544 5018.080566 -823.875000 0.000000 159.000000 0.000000 0.000000 0.000000 1.000000 30.000000 159.000000 1.000000
tesla 1011.519836 5008.834473 -823.875000 0.000000 -150.000000 0.000000 0.000000 0.000000 1.000000 30.000000 -150.000000 1.000000
mgturret 2031.307861 7096.228516 -603.875000 0.000000 138.000000 0.000000 0.000000 0.000000 1.000000 -0.000000 318.000000 1.000000
mgturret 1513.356567 6546.557617 -651.875000 0.000000 -50.000000 0.000000 0.000000 0.000000 1.000000 -0.000000 130.000000 1.000000
tesla 1111.857422 5052.990234 -823.875000 0.000000 36.000000 0.000000 0.000000 0.000000 1.000000 30.000000 36.000000 1.000000
tesla 1122.866577 4992.750000 -823.875000 0.000000 -19.000000 0.000000 0.000000 0.000000 1.000000 30.000000 -19.000000 1.000000
tesla 1177.134888 5007.900879 -823.875000 0.000000 -136.000000 0.000000 0.000000 0.000000 1.000000 30.000000 -136.000000 1.000000
mgturret 1339.300781 6764.859863 -651.875000 0.000000 -157.000000 0.000000 0.000000 0.000000 1.000000 -0.000000 23.000000 1.000000
mgturret 1335.458618 5441.453613 -851.848083 0.000000 -159.000000 0.000000 -0.078808 -0.062184 0.994948 -354.499268 20.917543 1.000000
mgturret 1355.891968 5638.523438 -847.875000 0.000000 146.000000 0.000000 0.000000 0.000000 1.000000 -0.000000 326.000000 1.000000
mgturret 1718.140625 5509.508301 -858.924805 0.000000 -26.000000 0.000000 0.116617 -0.061953 0.991243 -352.416382 154.017471 1.000000
tesla 1333.594238 5179.730957 -839.875000 0.000000 153.000000 0.000000 0.000000 0.000000 1.000000 30.000000 153.000000 1.000000
mgturret 1355.277100 4844.033691 -859.875000 0.000000 -107.000000 0.000000 0.000000 0.000000 1.000000 -0.000000 73.000000 1.000000
telenode 1937.600220 5118.948730 -854.580383 0.000000 -84.000000 0.000000 -0.231186 0.000000 0.972909 30.000000 -84.000000 1.000000
telenode 1934.608398 5451.727539 -864.340027 0.000000 88.000000 0.000000 0.000000 0.124035 0.992278 30.000000 88.000000 1.000000
telenode 1325.437012 6734.829590 -852.077209 0.000000 104.000000 0.000000 0.000000 0.005208 0.999986 30.000000 104.000000 1.000000
tesla 1528.533447 4591.030273 -839.875000 0.000000 161.000000 0.000000 0.000000 0.000000 1.000000 30.000000 161.000000 1.000000
arm 1367.513550 5836.520508 -861.154358 0.000000 -171.000000 0.000000 0.000000 0.062378 0.998053 30.000000 -171.000000 1.000000
repeater 1327.378052 6102.592285 -864.875000 0.000000 -167.000000 0.000000 0.000000 0.000000 1.000000 30.000000 -167.000000 1.000000
tesla 1427.202026 6108.122559 -839.875000 0.000000 175.000000 0.000000 0.000000 0.000000 1.000000 30.000000 175.000000 1.000000
medistat 1445.243774 5845.486328 -868.027222 0.000000 -174.000000 0.000000 0.000000 0.062378 0.998053 30.000000 -174.000000 1.000000
mgturret 1715.469727 5931.798828 -859.875000 0.000000 146.000000 0.000000 0.000000 0.000000 1.000000 -0.000000 146.000000 1.000000
tesla 1714.341064 6349.041504 -837.875000 0.000000 22.000000 0.000000 0.000000 0.000000 1.000000 30.000000 22.000000 1.000000
tesla 1389.938965 6359.781250 -837.875000 0.000000 152.000000 0.000000 0.000000 0.000000 1.000000 30.000000 152.000000 1.000000
mgturret 1551.352783 6751.830566 -834.830505 0.000000 94.000000 0.000000 0.069081 0.041531 0.996746 -357.901886 274.075500 1.000000
tesla 1313.401733 5591.774902 -543.876892 0.000000 79.000000 0.000000 0.000000 0.000000 1.000000 30.000000 79.000000 1.000000
mgturret 1314.546753 5767.164062 -561.875000 0.000000 79.000000 0.000000 0.000000 0.000000 1.000000 -0.000000 79.000000 1.000000
tesla -472.971924 5791.174805 -295.875000 0.000000 131.000000 0.000000 0.000000 0.000000 1.000000 30.000000 131.000000 1.000000
mgturret -288.799744 5631.015625 -279.871979 0.000000 -50.000000 0.000000 0.000000 0.000000 1.000000 -0.000000 130.000000 1.000000
telenode -308.405029 5765.728027 -331.875000 0.000000 67.000000 0.000000 0.000000 0.000000 1.000000 30.000000 67.000000 1.000000
mgturret -506.825104 5248.481934 -299.875000 0.000000 -103.000000 0.000000 0.000000 0.000000 1.000000 -0.000000 77.000000 1.000000
mgturret -306.433258 5394.541992 -299.875000 0.000000 -35.000000 0.000000 0.000000 0.000000 1.000000 -0.000000 325.000000 1.000000
telenode -465.957611 4763.267578 -311.875000 0.000000 -169.000000 0.000000 0.000000 0.000000 1.000000 30.000000 -169.000000 1.000000
arm -280.829437 4980.899414 -302.875000 0.000000 87.000000 0.000000 0.000000 0.000000 1.000000 30.000000 87.000000 1.000000
repeater -264.661377 5145.725098 -300.875000 0.000000 38.000000 0.000000 0.000000 0.000000 1.000000 30.000000 38.000000 1.000000
medistat -387.106049 4981.471191 -312.875000 0.000000 90.000000 0.000000 0.000000 0.000000 1.000000 30.000000 90.000000 1.000000
mgturret -380.128052 4818.285645 -299.875000 0.000000 103.000000 0.000000 0.000000 0.000000 1.000000 -0.000000 103.000000 1.000000
mgturret -483.224792 4445.791504 -295.875000 0.000000 -146.000000 0.000000 0.000000 0.000000 1.000000 -0.000000 33.999992 1.000000
tesla -642.746887 4653.048340 -275.875000 0.000000 142.000000 0.000000 -0.000000 0.000000 1.000000 30.000000 142.000000 1.000000
mgturret -833.119751 4432.314453 -249.875000 0.000000 -170.000000 0.000000 0.000000 0.000000 1.000000 -0.000000 10.000007 1.000000
tesla 124.575508 5819.577637 -87.875000 0.000000 88.000000 0.000000 0.000000 0.000000 1.000000 30.000000 88.000000 1.000000
tesla 114.014847 5583.008789 -87.875000 0.000000 -54.000000 0.000000 0.000000 0.000000 1.000000 30.000000 -54.000000 1.000000
repeater 615.973816 4401.195801 -848.875000 0.000000 175.000000 0.000000 0.000000 0.000000 1.000000 30.000000 175.000000 1.000000
arm 771.783508 4378.149902 -850.875000 0.000000 177.000000 0.000000 0.000000 0.000000 1.000000 30.000000 177.000000 1.000000
medistat 863.295227 4378.713867 -856.875000 0.000000 -179.000000 0.000000 0.000000 0.000000 1.000000 30.000000 -179.000000 1.000000
arm 671.305115 3761.078613 -846.875000 0.000000 171.000000 0.000000 0.000000 0.000000 1.000000 30.000000 171.000000 1.000000
medistat 620.612671 3858.190430 -856.875000 0.000000 -100.000000 0.000000 0.000000 0.000000 1.000000 30.000000 -100.000000 1.000000
mgturret 519.279785 4219.025879 -843.875000 0.000000 56.000000 0.000000 0.000000 0.000000 1.000000 -359.978668 156.286285 1.000000
telenode 112.951294 5517.543457 -699.875000 0.000000 -38.000000 0.000000 0.000000 0.000000 1.000000 30.000000 -38.000000 1.000000
tesla 26.150146 5703.502441 -663.875000 0.000000 1.000000 0.000000 0.000000 0.000000 1.000000 30.000000 1.000000 1.000000
mgturret -908.673279 5466.221680 -683.875000 0.000000 -161.000000 0.000000 0.000000 0.000000 1.000000 -0.000000 18.999996 1.000000
eggpod 372.685181 6285.212891 -31.125000 0.000000 148.000000 136.000000 0.000000 0.000000 -1.000000 30.000000 148.000000 -0.707107
booster 347.536652 6273.515137 -486.875000 0.000000 151.000000 0.000000 0.000000 0.000000 1.000000 30.000000 151.000000 1.000000
hive 689.875000 6222.359375 -277.587067 0.000000 51.000000 -59.000000 -1.000000 0.000000 0.000000 30.000000 51.000000 0.000000
hive 689.365417 6229.819824 -405.089569 0.000000 89.000000 -91.000000 -0.995037 0.000000 0.099504 30.000000 89.000000 0.000000
mgturret 1567.636230 6927.968262 -651.875000 0.000000 -57.000000 0.000000 0.000000 0.000000 1.000000 -0.000000 122.999992 1.000000
mgturret -241.162491 6205.938965 -547.875000 0.000000 145.000000 0.000000 0.000000 0.000000 1.000000 -0.000000 145.000000 1.000000
mgturret -512.321777 6195.337402 -555.875000 0.000000 117.000000 0.000000 0.000000 0.000000 1.000000 -0.000000 297.000000 1.000000
telenode -59.694153 6099.819336 -859.875000 0.000000 111.000000 0.000000 0.000000 0.000000 1.000000 30.000000 111.000000 1.000000
arm 120.034561 6067.750977 -850.875000 0.000000 88.000000 0.000000 0.000000 0.000000 1.000000 30.000000 88.000000 1.000000
medistat 124.215088 5966.138672 -856.875000 0.000000 92.000000 0.000000 0.000000 0.000000 1.000000 30.000000 92.000000 1.000000
mgturret 131.180801 5567.204102 -843.875000 0.000000 -96.000000 0.000000 0.000000 0.000000 1.000000 -0.000000 264.000000 1.000000
repeater 153.602951 6180.655762 -848.875000 0.000000 36.000000 0.000000 0.000000 0.000000 1.000000 30.000000 36.000000 1.000000
mgturret 24.075821 6044.542969 -843.875000 0.000000 41.000000 0.000000 0.000000 0.000000 1.000000 -0.000000 221.000000 1.000000
mgturret 880.296387 3764.701172 -843.875000 0.000000 -75.000000 0.000000 0.000000 0.000000 1.000000 -0.000000 105.000000 1.000000
repeater 1180.894531 4294.211914 -848.875000 0.000000 -28.000000 0.000000 0.000000 0.000000 1.000000 30.000000 -28.000000 1.000000
mgturret 972.265259 4098.422852 -843.875000 0.000000 -103.000000 0.000000 0.000000 0.000000 1.000000 -0.000000 257.000000 1.000000
arm 783.528687 7804.903809 -398.875000 0.000000 1.000000 0.000000 0.000000 0.000000 1.000000 30.000000 1.000000 1.000000
mgturret -912.163879 7335.291016 -575.875000 0.000000 5.000000 0.000000 0.000000 0.000000 1.000000 -0.000000 5.000000 1.000000
medistat 1039.836426 8012.623535 -608.875000 0.000000 89.000000 0.000000 0.000000 0.000000 1.000000 30.000000 89.000000 1.000000
mgturret 1026.887817 7791.457031 -595.875000 0.000000 27.000000 0.000000 0.000000 0.000000 1.000000 -0.000000 27.000000 1.000000
mgturret 1169.200439 7795.319336 -531.875000 0.000000 -4.000000 0.000000 0.000000 0.000000 1.000000 -0.000000 356.000000 1.000000
barricade 647.720703 6345.192871 -480.875000 0.000000 -93.000000 0.000000 0.000000 0.000000 1.000000 30.000000 -93.000000 1.000000
barricade 465.185364 6360.980469 -480.875000 0.000000 -98.000000 0.000000 0.000000 0.000000 1.000000 30.000000 -98.000000 1.000000
barricade 273.030792 6360.376953 -480.875000 0.000000 -102.000000 0.000000 0.000000 0.000000 1.000000 30.000000 -102.000000 1.000000
tesla 559.600769 5054.928223 -823.875000 0.000000 21.000000 0.000000 0.000000 0.000000 1.000000 30.000000 21.000000 1.000000
tesla 651.295410 4979.406250 -823.875000 0.000000 146.000000 0.000000 0.000000 0.000000 1.000000 30.000000 146.000000 1.000000
repeater 878.390930 5029.281738 -848.875000 0.000000 35.000000 0.000000 0.000000 0.000000 1.000000 30.000000 35.000000 1.000000
tesla 1067.540161 4989.549805 -823.875000 0.000000 34.000000 0.000000 0.000000 0.000000 1.000000 30.000000 34.000000 1.000000
tesla 1165.709839 5054.817383 -823.875000 0.000000 138.000000 0.000000 0.000000 0.000000 1.000000 30.000000 138.000000 1.000000
tesla 715.180115 4983.117676 -823.875000 0.000000 101.000000 0.000000 0.000000 0.000000 1.000000 30.000000 101.000000 1.000000
booster -1174.406372 5094.158691 -306.875000 0.000000 112.000000 0.000000 0.000000 0.000000 1.000000 30.000000 112.000000 1.000000
mgturret 1823.738647 5120.810059 -667.871094 0.000000 170.000000 0.000000 0.000000 0.000000 1.000000 -0.000000 170.000000 1.000000
mgturret 1822.644775 5505.345215 -667.871094 0.000000 -135.000000 0.000000 0.000000 0.000000 1.000000 -0.000000 225.000000 1.000000
mgturret 1342.523926 6324.617188 -659.875000 0.000000 -146.000000 0.000000 0.000000 0.000000 1.000000 -0.000000 33.999992 1.000000
telenode -1.602959 5324.326172 -859.875000 0.000000 -10.000000 0.000000 0.000000 0.000000 1.000000 30.000000 -10.000000 1.000000
medistat -808.073914 5426.778809 -856.875000 0.000000 -77.000000 0.000000 0.000000 0.000000 1.000000 30.000000 -77.000000 1.000000
telenode -856.452393 6151.478516 -859.875000 0.000000 116.000000 0.000000 0.000000 0.000000 1.000000 30.000000 116.000000 1.000000
mgturret -674.952942 6119.051270 -843.875000 0.000000 57.000000 0.000000 0.000000 0.000000 1.000000 -0.000000 57.000004 1.000000
mgturret -872.121582 5837.951172 -843.875000 0.000000 -174.000000 0.000000 0.000000 0.000000 1.000000 -0.000000 6.000001 1.000000
mgturret -591.510559 5232.085449 -843.875000 0.000000 -38.000000 0.000000 0.000000 0.000000 1.000000 -0.000000 142.000000 1.000000
telenode -761.874023 5267.844727 -859.875000 0.000000 -165.000000 0.000000 0.000000 0.000000 1.000000 30.000000 -165.000000 1.000000
arm -884.141968 5432.077637 -850.875000 0.000000 -87.000000 0.000000 0.000000 0.000000 1.000000 30.000000 -87.000000 1.000000
repeater -830.928650 5342.055176 -848.875000 0.000000 -121.000000 0.000000 0.000000 0.000000 1.000000 30.000000 -121.000000 1.000000
mgturret -898.213257 5623.935547 -843.875000 0.000000 -89.000000 0.000000 0.000000 0.000000 1.000000 -0.000000 271.000000 1.000000
mgturret -715.027161 5528.229980 -843.875000 0.000000 -84.000000 0.000000 0.000000 0.000000 1.000000 -0.000000 276.000000 1.000000
mgturret -156.601852 5269.443359 -843.875000 0.000000 -126.000000 0.000000 0.000000 0.000000 1.000000 -0.000000 54.000004 1.000000
telenode -889.973755 5864.349121 -443.875000 0.000000 -147.000000 0.000000 0.000000 0.000000 1.000000 30.000000 -147.000000 1.000000
telenode 121.743973 5949.583984 -443.875000 0.000000 26.000000 0.000000 0.000000 0.000000 1.000000 30.000000 26.000000 1.000000
telenode 107.631714 5674.318359 -443.875000 0.000000 -57.000000 0.000000 0.000000 0.000000 1.000000 30.000000 -57.000000 1.000000
tesla 97.010323 5795.025879 -407.875000 0.000000 29.000000 0.000000 0.000000 0.000000 1.000000 30.000000 29.000000 1.000000
tesla 116.624939 6088.284668 -407.875000 0.000000 58.000000 0.000000 0.000000 0.000000 1.000000 30.000000 58.000000 1.000000
arm 123.441200 5542.607422 -434.875000 0.000000 -91.000000 0.000000 0.000000 0.000000 1.000000 30.000000 -91.000000 1.000000
medistat 113.229218 5425.619141 -440.875000 0.000000 -14.000000 0.000000 0.000000 0.000000 1.000000 30.000000 -14.000000 1.000000
mgturret -912.661865 6208.219727 -427.875000 0.000000 128.000000 0.000000 0.000000 0.000000 1.000000 -0.000000 308.000000 1.000000
arm -896.511780 5553.848633 -434.875000 0.000000 -94.000000 0.000000 0.000000 0.000000 1.000000 30.000000 -94.000000 1.000000
medistat -811.218262 5545.073242 -440.875000 0.000000 176.000000 0.000000 0.000000 0.000000 1.000000 30.000000 176.000000 1.000000
mgturret -813.052856 5744.112793 -427.875000 0.000000 -176.000000 0.000000 0.000000 0.000000 1.000000 -0.000000 184.000000 1.000000
telenode -891.827026 5582.663574 -699.875000 0.000000 -104.000000 0.000000 0.000000 0.000000 1.000000 30.000000 -104.000000 1.000000
telenode -885.991089 5691.966797 -699.875000 0.000000 -120.000000 0.000000 0.000000 0.000000 1.000000 30.000000 -120.000000 1.000000
telenode -886.584656 5788.656738 -699.875000 0.000000 140.000000 0.000000 0.000000 0.000000 1.000000 30.000000 140.000000 1.000000
arm 126.589455 5833.485840 -690.875000 0.000000 90.000000 0.000000 0.000000 0.000000 1.000000 30.000000 90.000000 1.000000
medistat 49.771549 5832.983398 -696.875000 0.000000 1.000000 0.000000 0.000000 0.000000 1.000000 30.000000 1.000000 1.000000
mgturret 142.992889 6211.859863 -683.875000 0.000000 55.000000 0.000000 0.000000 0.000000 1.000000 -0.000000 235.000000 1.000000
mgturret 64.312325 6044.022461 -683.875000 0.000000 -106.000000 0.000000 0.000000 0.000000 1.000000 -0.000000 254.000000 1.000000
repeater 150.271286 5243.354492 -848.875000 0.000000 -52.000000 0.000000 0.000000 0.000000 1.000000 30.000000 -52.000000 1.000000
mgturret 133.048798 5246.816406 -683.875000 0.000000 -48.000000 0.000000 0.000000 0.000000 1.000000 -0.000000 132.000000 1.000000
mgturret -816.260376 5234.511719 -683.875000 0.000000 -147.000000 0.000000 0.000000 0.000000 1.000000 -0.000000 33.000000 1.000000
mgturret -102.109756 5347.269043 -683.875000 0.000000 -124.000000 0.000000 0.000000 0.000000 1.000000 -0.000000 236.000000 1.000000
mgturret -903.019348 6181.464844 -683.875000 0.000000 107.000000 0.000000 0.000000 0.000000 1.000000 -0.000000 287.000000 1.000000
mgturret -801.191956 5866.928223 -683.875000 0.000000 -122.000000 0.000000 0.000000 0.000000 1.000000 -0.000000 57.999996 1.000000
mgturret 1193.663086 6952.872070 -651.875000 0.000000 -75.000000 0.000000 0.000000 0.000000 1.000000 -0.000000 105.000000 1.000000
tesla 1427.373291 7140.185547 -631.875000 0.000000 9.000000 0.000000 0.000000 0.000000 1.000000 30.000000 9.000000 1.000000
repeater 921.992432 6734.881836 35.125000 0.000000 116.000000 0.000000 0.000000 0.000000 1.000000 30.000000 116.000000 1.000000
repeater 961.115295 6731.743652 35.125000 0.000000 92.000000 0.000000 0.000000 0.000000 1.000000 30.000000 92.000000 1.000000
arm -540.330383 6519.613770 -562.875000 0.000000 180.000000 0.000000 0.000000 0.000000 1.000000 30.000000 180.000000 1.000000
medistat -463.716187 6519.948242 -568.875000 0.000000 88.000000 0.000000 0.000000 0.000000 1.000000 30.000000 88.000000 1.000000
telenode -244.340363 6336.353027 -571.875000 0.000000 -19.000000 0.000000 0.000000 0.000000 1.000000 30.000000 -19.000000 1.000000
repeater -243.942078 6511.081055 -560.875000 0.000000 62.000000 0.000000 0.000000 0.000000 1.000000 30.000000 62.000000 1.000000
mgturret -1036.305298 6311.920410 -475.875000 0.000000 -156.000000 0.000000 0.000000 0.000000 1.000000 -0.000000 23.999996 1.000000
mgturret -581.062683 6305.864258 -555.875000 0.000000 -150.000000 0.000000 0.000000 0.000000 1.000000 -0.000000 30.000002 1.000000
tesla -345.790314 6447.148438 -535.875000 0.000000 25.000000 0.000000 0.000000 0.000000 1.000000 30.000000 25.000000 1.000000
mgturret -823.933228 6655.206055 -475.875000 0.000000 -38.000000 0.000000 0.000000 0.000000 1.000000 -0.000000 142.000000 1.000000
mgturret -1047.348633 6810.995117 -475.875000 0.000000 90.000000 0.000000 0.000000 0.000000 1.000000 -0.000000 270.000000 1.000000
telenode -616.540588 6808.152344 -491.875000 0.000000 138.000000 0.000000 0.000000 0.000000 1.000000 30.000000 138.000000 1.000000
mgturret -217.819229 6665.959473 -475.875000 0.000000 -27.000000 0.000000 0.000000 0.000000 1.000000 -359.982056 3.163203 1.000000
mgturret -445.397339 6794.862305 -475.875000 0.000000 58.000000 0.000000 0.000000 0.000000 1.000000 -0.000000 58.000000 1.000000
arm -1030.432373 6628.179688 -482.875000 0.000000 -87.000000 0.000000 0.000000 0.000000 1.000000 30.000000 -87.000000 1.000000
medistat -944.934265 6637.690918 -488.875000 0.000000 -70.000000 0.000000 0.000000 0.000000 1.000000 30.000000 -70.000000 1.000000
mgturret -491.180206 5092.953613 -843.875000 0.000000 140.000000 0.000000 0.000000 0.000000 1.000000 -0.000000 320.000000 1.000000
mgturret -281.377716 4715.664551 -843.875000 0.000000 -69.000000 0.000000 0.000000 0.000000 1.000000 -0.000000 111.000000 1.000000
tesla -1179.521973 5291.764160 -279.875000 0.000000 -69.000000 0.000000 0.000000 0.000000 1.000000 30.000000 -69.000000 1.000000
medistat -1188.583496 5846.894531 -312.875000 0.000000 94.000000 0.000000 0.000000 0.000000 1.000000 30.000000 94.000000 1.000000
arm -1192.374512 5955.040039 -306.875000 0.000000 88.000000 0.000000 0.000000 0.000000 1.000000 30.000000 88.000000 1.000000
repeater 2625.946777 7414.884277 -32.875000 0.000000 -161.000000 0.000000 0.000000 0.000000 1.000000 30.000000 -161.000000 1.000000
mgturret 2458.106201 7547.014648 -387.875000 0.000000 -104.000000 0.000000 0.000000 0.000000 1.000000 -0.000000 256.000000 1.000000
arm 1632.000000 7848.000000 -626.875000 0.000000 0.000000 0.000000 0.000000 0.000000 1.000000 30.000000 0.000000 0.000000
