arm -490.411804 -207.085770 109.125000 0.000000 -90.000000 0.000000 0.000000 0.000000 1.000000 30.000000 -90.000000 1.000000
barricade -2031.207886 -2688.232910 -176.875061 0.000000 -93.000000 0.000000 0.000000 0.000000 1.000000 30.000000 -93.000000 1.000000
acid_tube -1984.000000 -2304.000000 -176.875061 0.000000 0.000000 0.000000 0.000000 0.000000 1.000000 30.000000 0.000000 0.000000
eggpod -2208.000000 -2272.000000 -176.875061 0.000000 180.000000 0.000000 0.000000 0.000000 1.000000 30.000000 180.000000 0.000000
acid_tube -2336.000000 -2352.000000 -176.875061 0.000000 0.000000 0.000000 0.000000 0.000000 1.000000 30.000000 0.000000 0.000000
eggpod -2464.000000 -2272.000000 -176.875061 0.000000 180.000000 0.000000 0.000000 0.000000 1.000000 30.000000 180.000000 0.000000
reactor -327.591187 -523.370056 111.124969 0.000000 -92.000000 0.000000 0.000000 0.000000 1.000000 30.000000 -92.000000 1.000000
tesla -902.892578 -22.493004 136.125000 0.000000 88.000000 0.000000 0.000000 0.000000 1.000000 30.000000 88.000000 1.000000
medistat -414.871368 -199.155991 103.125000 0.000000 -134.000000 0.000000 0.000000 0.000000 1.000000 30.000000 -134.000000 1.000000
telenode -312.777008 -92.704994 100.124969 0.000000 -86.000000 0.000000 0.000000 0.000000 1.000000 30.000000 -86.000000 1.000000
arm 207.223877 -2945.327637 -146.875000 0.000000 87.000000 0.000000 0.000000 0.000000 1.000000 30.000000 87.000000 1.000000
repeater 1954.232178 -1353.259888 23.125000 0.000000 137.000000 0.000000 0.000000 0.000000 1.000000 30.000000 137.000000 1.000000
arm 1814.624146 -1345.336548 13.125000 0.000000 -90.000000 0.000000 0.000000 0.000000 1.000000 30.000000 -90.000000 1.000000
medistat 308.209137 -3025.586182 -152.875061 0.000000 -131.000000 0.000000 0.000000 0.000000 1.000000 30.000000 -131.000000 1.000000
telenode -464.386780 -41.523834 100.124969 0.000000 15.000000 0.000000 0.000000 0.000000 1.000000 30.000000 15.000000 1.000000
barricade -2181.722900 -2478.920898 -176.875061 0.000000 106.000000 0.000000 0.000000 0.000000 1.000000 30.000000 106.000000 1.000000
barricade -2104.952148 -2431.222900 -176.875061 0.000000 120.000000 0.000000 0.000000 0.000000 1.000000 30.000000 120.000000 1.000000
acid_tube -2123.151611 -2354.413818 -176.875061 0.000000 146.000000 0.000000 0.000000 0.000000 1.000000 30.000000 146.000000 1.000000
acid_tube -1984.537842 -2377.524902 -112.875000 0.000000 56.000000 0.000000 0.000000 0.000000 1.000000 30.000000 56.000000 1.000000
eggpod -2318.019531 -2918.631836 -176.875061 0.000000 30.000000 0.000000 0.000000 0.000000 1.000000 30.000000 30.000000 1.000000
acid_tube -2527.201904 -2735.218262 -112.875000 0.000000 -152.000000 0.000000 0.000000 0.000000 1.000000 30.000000 -152.000000 1.000000
acid_tube -2332.758789 -2489.507568 -112.875000 0.000000 55.000000 0.000000 0.000000 0.000000 1.000000 30.000000 55.000000 1.000000
barricade -2480.463135 -2411.251221 -176.875061 0.000000 98.000000 0.000000 0.000000 0.000000 1.000000 30.000000 98.000000 1.000000
barricade -1794.704224 -2272.315430 -176.875061 0.000000 105.000000 0.000000 0.000000 0.000000 1.000000 30.000000 105.000000 1.000000
acid_tube -1893.393311 -2316.337646 -176.875061 0.000000 161.000000 0.000000 0.000000 0.000000 1.000000 30.000000 161.000000 1.000000
acid_tube -1666.250732 -2240.486084 -176.875061 0.000000 122.000000 0.000000 0.000000 0.000000 1.000000 30.000000 122.000000 1.000000
eggpod -1451.274780 -2582.217041 -104.875000 0.000000 13.000000 0.000000 0.000000 0.000000 1.000000 30.000000 13.000000 1.000000
acid_tube -1435.937500 -2351.334229 -104.875000 0.000000 0.000000 0.000000 0.000000 0.000000 1.000000 30.000000 0.000000 1.000000
eggpod -2149.682373 -3113.944092 -176.875061 0.000000 -103.000000 0.000000 0.000000 0.000000 1.000000 30.000000 -103.000000 1.000000
acid_tube -2086.872803 -3089.723633 -112.875000 0.000000 -97.000000 0.000000 0.000000 0.000000 1.000000 30.000000 -97.000000 1.000000
acid_tube -1755.103760 -2874.362549 -112.875000 0.000000 86.000000 0.000000 0.000000 0.000000 1.000000 30.000000 86.000000 1.000000
acid_tube -1844.990723 -2874.427246 -176.875061 0.000000 88.000000 0.000000 0.000000 0.000000 1.000000 30.000000 88.000000 1.000000
eggpod -1695.815918 -1112.093018 208.875061 0.000000 0.000000 -179.000000 0.000000 0.000000 -1.000000 30.000000 0.000000 0.000000
hive -1720.951660 -1092.125000 37.328270 0.000000 24.000000 105.000000 0.000000 -1.000000 0.000000 30.000000 24.000000 0.000000
barricade -1797.780884 -1112.422119 25.754629 0.000000 -2.000000 0.000000 0.000000 -0.707107 0.707107 30.000000 -2.000000 1.000000
trapper -1690.094727 -822.104248 208.875061 0.000000 44.000000 -179.000000 0.000000 0.000000 -1.000000 30.000000 44.000000 0.000000
barricade -1680.106689 -797.494751 15.125000 0.000000 -5.000000 0.000000 0.000000 0.000000 1.000000 30.000000 -5.000000 1.000000
trapper -1684.914429 -964.595764 162.101425 0.000000 17.000000 -101.000000 0.000000 0.970142 -0.242536 30.000000 17.000000 -0.242536
trapper -1684.718994 -651.520691 125.343941 0.000000 0.000000 179.000000 0.000000 -0.707107 -0.707107 30.000000 0.000000 0.000000
trapper -1738.045044 -960.875000 39.124908 0.000000 17.000000 -73.000000 0.000000 1.000000 0.000000 30.000000 17.000000 0.000000
trapper -1936.875000 -798.994751 22.185738 0.000000 82.000000 109.000000 1.000000 0.000000 0.000000 30.000000 82.000000 0.000000
barricade -1765.638428 -739.235596 15.125000 0.000000 19.000000 0.000000 0.000000 0.000000 1.000000 30.000000 19.000000 1.000000
barricade -1757.516846 -838.876648 15.125000 0.000000 -3.000000 0.000000 0.000000 0.000000 1.000000 30.000000 -3.000000 1.000000
hive -2009.311768 -1283.202393 219.875000 0.000000 -139.000000 179.000000 0.000000 0.000000 -1.000000 30.000000 -139.000000 0.000000
acid_tube -1691.803955 -870.835327 15.125000 0.000000 -140.000000 0.000000 0.000000 0.000000 1.000000 30.000000 -140.000000 1.000000
acid_tube -1682.273071 -728.409668 15.125000 0.000000 132.000000 0.000000 0.000000 0.000000 1.000000 30.000000 132.000000 1.000000
trapper -2032.875000 -790.775208 142.686493 0.000000 -119.000000 -69.000000 1.000000 0.000000 0.000000 30.000000 -119.000000 0.000000
acid_tube -1685.023438 -670.549194 31.125000 0.000000 47.000000 0.000000 0.000000 0.000000 1.000000 30.000000 47.000000 1.000000
hive -1785.186890 -619.318542 60.858196 0.000000 12.000000 0.000000 0.000000 -0.707107 0.707107 30.000000 12.000000 1.000000
hive -1836.125000 -1004.950073 147.741791 0.000000 -145.000000 143.000000 -1.000000 0.000000 0.000000 30.000000 -145.000000 0.000000
hive -1759.553833 -1471.654663 154.103821 0.000000 87.000000 4.000000 0.000000 -0.970142 -0.242536 30.000000 87.000000 0.000000
hive -1995.875000 -1026.246826 154.526993 0.000000 22.000000 156.000000 1.000000 0.000000 0.000000 30.000000 22.000000 0.000000
eggpod -2012.022217 -1115.327026 15.125000 0.000000 -142.000000 0.000000 0.000000 0.000000 1.000000 30.000000 -142.000000 1.000000
eggpod -1714.007690 -1317.878906 15.125000 0.000000 3.000000 0.000000 0.000000 0.000000 1.000000 30.000000 3.000000 1.000000
barricade -1775.500000 -1311.809937 18.366909 0.000000 4.000000 0.000000 0.000000 -0.707107 0.707107 30.000000 4.000000 1.000000
trapper -2032.875000 -1488.510010 32.621616 0.000000 -70.000000 -74.000000 1.000000 0.000000 0.000000 30.000000 -70.000000 0.000000
trapper -1502.446411 -2985.946289 104.875000 0.000000 3.000000 179.000000 0.000000 0.000000 -1.000000 30.000000 3.000000 0.000000
acid_tube -1988.353882 -3046.260498 49.010067 0.000000 -178.000000 0.000000 0.178885 -0.000000 0.983870 30.000000 -178.000000 1.000000
acid_tube -1011.099670 -2908.462402 -144.875061 0.000000 71.000000 0.000000 0.000000 0.000000 1.000000 30.000000 71.000000 1.000000
acid_tube -1133.559937 -2622.427734 -144.875061 0.000000 123.000000 0.000000 0.000000 0.000000 1.000000 30.000000 123.000000 1.000000
acid_tube -1031.694214 -2480.229980 -144.875061 0.000000 -113.000000 0.000000 0.000000 0.000000 1.000000 30.000000 -113.000000 1.000000
eggpod -1098.560913 -2206.742432 15.125000 0.000000 6.000000 0.000000 0.000000 0.000000 1.000000 30.000000 6.000000 1.000000
barricade 1147.260254 -563.750549 120.140625 0.000000 -34.000000 0.000000 0.000000 0.000000 1.000000 30.000000 -34.000000 1.000000
acid_tube -1070.553955 -2281.248779 15.125000 0.000000 10.000000 0.000000 0.000000 0.000000 1.000000 30.000000 10.000000 1.000000
trapper -1328.875000 -2202.128174 -128.455383 0.000000 77.000000 88.000000 1.000000 0.000000 0.000000 30.000000 77.000000 0.000000
acid_tube -1065.008911 -2202.768066 -144.875061 0.000000 40.000000 0.000000 0.000000 0.000000 1.000000 30.000000 40.000000 1.000000
acid_tube -32.331455 -482.146362 15.125000 0.000000 170.000000 0.000000 0.000000 0.000000 1.000000 30.000000 170.000000 1.000000
booster 71.588242 -1380.087402 -154.875000 0.000000 79.000000 0.000000 0.000000 0.000000 1.000000 30.000000 79.000000 1.000000
repeater -1500.336792 -107.198425 143.125000 0.000000 173.000000 0.000000 0.000000 0.000000 1.000000 30.000000 173.000000 1.000000
eggpod 27.685846 -1044.578857 -157.935333 0.000000 106.000000 0.000000 0.031099 0.093296 0.995153 30.000000 106.000000 1.000000
eggpod 532.075012 -1747.207886 -127.933922 0.000000 -67.000000 0.000000 -0.120386 0.240772 0.963087 30.000000 -67.000000 1.000000
eggpod 249.003632 -1057.516357 -160.875000 0.000000 -14.000000 0.000000 0.000000 0.000000 1.000000 30.000000 -14.000000 1.000000
acid_tube 555.737427 -464.936035 111.125000 0.000000 -51.000000 0.000000 0.000000 0.000000 1.000000 30.000000 -51.000000 1.000000
acid_tube -2163.783447 -2441.544434 -80.875000 0.000000 -160.000000 0.000000 0.000000 0.000000 1.000000 30.000000 -160.000000 1.000000
eggpod -13.454029 -1375.115845 -148.875000 0.000000 75.000000 0.000000 0.000000 0.000000 1.000000 30.000000 75.000000 1.000000
barricade 1025.737183 -312.353027 111.125000 0.000000 29.000000 0.000000 0.000000 0.000000 1.000000 30.000000 29.000000 1.000000
booster 369.602478 -1100.591797 -166.875000 0.000000 150.000000 0.000000 0.000000 0.000000 1.000000 30.000000 150.000000 1.000000
trapper -112.875000 -720.291504 38.973042 0.000000 98.000000 91.000000 1.000000 0.000000 0.000000 30.000000 98.000000 0.000000
trapper 49.478100 -719.328430 224.875061 0.000000 112.000000 179.000000 0.000000 0.000000 -1.000000 30.000000 112.000000 0.000000
trapper 168.735397 -720.815247 217.087860 0.000000 59.000000 179.000000 -0.707107 0.000000 -0.707107 30.000000 59.000000 0.000000
hive -5.039253 -891.340942 267.875000 0.000000 16.000000 180.000000 0.000000 0.000000 -1.000000 30.000000 16.000000 0.000000
acid_tube 60.711769 -809.399902 15.125000 0.000000 171.000000 0.000000 0.000000 0.000000 1.000000 30.000000 171.000000 1.000000
trapper -30.382923 -557.014648 163.440292 0.000000 100.000000 179.000000 0.707107 0.000000 -0.707107 30.000000 100.000000 0.000000
eggpod 1213.087280 -205.487915 375.824463 0.000000 60.000000 -177.000000 -0.135379 -0.135379 -0.981501 30.000000 60.000000 -0.981501
trapper 1200.875000 -675.190430 154.264206 0.000000 -102.000000 87.000000 -1.000000 0.000000 0.000000 30.000000 -102.000000 0.000000
eggpod 1183.453369 -807.544434 124.412933 0.000000 -19.000000 0.000000 -0.140028 0.140028 0.980196 30.000000 -19.000000 1.000000
eggpod 51.755863 -1299.841431 -150.756653 0.000000 -32.000000 0.000000 0.031099 0.093296 0.995153 30.000000 -32.000000 1.000000
acid_tube 358.624390 -1016.277100 -160.875000 0.000000 150.000000 0.000000 0.000000 0.000000 1.000000 30.000000 150.000000 1.000000
acid_tube 167.066162 -1692.643433 -176.875061 0.000000 -130.000000 0.000000 0.000000 0.000000 1.000000 30.000000 -130.000000 1.000000
trapper -45.021141 -726.085571 132.802109 0.000000 68.000000 124.000000 0.707107 0.000000 -0.707107 30.000000 68.000000 -0.707107
trapper 560.875000 -795.063965 89.327080 0.000000 1.000000 -1.000000 -1.000000 0.000000 0.000000 30.000000 1.000000 0.000000
barricade 91.333305 -1172.740723 -156.749298 0.000000 -46.000000 0.000000 0.213597 -0.030514 0.976445 30.000000 -46.000000 1.000000
acid_tube 383.566345 -1453.770874 -160.875061 0.000000 40.000000 0.000000 0.000000 0.000000 1.000000 30.000000 40.000000 1.000000
acid_tube 284.700897 -884.125000 -55.357632 0.000000 157.000000 -81.000000 0.000000 -1.000000 0.000000 30.000000 157.000000 0.000000
acid_tube -978.742859 -1851.652222 -112.875000 0.000000 85.000000 0.000000 0.000000 0.000000 1.000000 30.000000 85.000000 1.000000
hive -969.211426 -1941.910034 15.875000 0.000000 163.000000 179.000000 0.000000 0.000000 -1.000000 30.000000 163.000000 0.000000
acid_tube -703.214233 -1520.788818 -144.875061 0.000000 31.000000 0.000000 0.000000 0.000000 1.000000 30.000000 31.000000 1.000000
eggpod -491.828308 -1918.878418 112.875000 0.000000 -104.000000 179.000000 0.000000 0.000000 -1.000000 30.000000 -104.000000 0.000000
eggpod -700.843445 -1513.595703 16.875000 0.000000 64.000000 179.000000 0.000000 0.000000 -1.000000 30.000000 64.000000 0.000000
acid_tube -534.888062 -1775.760132 -144.875061 0.000000 -159.000000 0.000000 0.000000 0.000000 1.000000 30.000000 -159.000000 1.000000
mgturret -1491.989380 -294.160614 148.125000 0.000000 -75.000000 0.000000 0.000000 0.000000 1.000000 0.000000 -75.000000 1.000000
eggpod 750.680115 -2528.162842 126.875000 0.000000 -173.000000 176.000000 0.000000 0.000000 -1.000000 30.000000 -173.000000 -0.894427
acid_tube 1102.623169 -2575.081787 -144.875061 0.000000 5.000000 0.000000 0.000000 0.000000 1.000000 30.000000 5.000000 1.000000
booster 789.725708 -2618.597656 -150.875061 0.000000 169.000000 0.000000 0.000000 0.000000 1.000000 30.000000 169.000000 1.000000
trapper 1276.983032 -2511.125000 34.567627 0.000000 -88.000000 1.000000 0.000000 -1.000000 0.000000 30.000000 -88.000000 0.000000
acid_tube 1143.984009 -2964.751953 -144.875061 0.000000 122.000000 0.000000 0.000000 0.000000 1.000000 30.000000 122.000000 1.000000
acid_tube 1153.977295 -2823.843994 -48.875000 0.000000 114.000000 0.000000 0.000000 0.000000 1.000000 30.000000 114.000000 1.000000
acid_tube 1340.877808 -2580.336182 63.125000 0.000000 59.000000 0.000000 0.000000 0.000000 1.000000 30.000000 59.000000 1.000000
eggpod 1427.235718 -2132.547852 15.125000 0.000000 147.000000 0.000000 0.000000 0.000000 1.000000 30.000000 147.000000 1.000000
booster 1405.564941 -2201.297852 9.125000 0.000000 149.000000 0.000000 0.000000 0.000000 1.000000 30.000000 149.000000 1.000000
trapper 1616.096313 -1886.328369 129.726700 0.000000 60.000000 -179.000000 -0.707107 0.000000 -0.707107 30.000000 60.000000 0.000000
acid_tube 1616.905762 -2045.050049 123.917313 0.000000 48.000000 179.000000 -0.707107 0.000000 -0.707107 30.000000 48.000000 0.000000
acid_tube 1632.620728 -2429.711914 108.202393 0.000000 -8.000000 134.000000 -0.707107 0.000000 -0.707107 30.000000 -8.000000 -0.707107
eggpod 1024.279175 -2569.024414 327.125000 0.000000 96.000000 0.000000 0.000000 0.000000 1.000000 30.000000 96.000000 1.000000
acid_tube 1406.603394 -2356.634277 15.125000 0.000000 132.000000 0.000000 0.000000 0.000000 1.000000 30.000000 132.000000 1.000000
acid_tube 863.816040 -1045.415161 111.124969 0.000000 -90.000000 0.000000 0.000000 0.000000 1.000000 30.000000 -90.000000 1.000000
hive 867.318665 -1155.757690 180.125000 0.000000 -99.000000 0.000000 0.000000 0.000000 1.000000 30.000000 -99.000000 1.000000
booster 1181.599121 -986.901245 9.125000 0.000000 33.000000 0.000000 0.000000 0.000000 1.000000 30.000000 33.000000 1.000000
eggpod 1157.250610 -926.357544 15.125000 0.000000 33.000000 0.000000 0.000000 0.000000 1.000000 30.000000 33.000000 1.000000
barricade 1190.331055 -1072.392456 15.125000 0.000000 -14.000000 0.000000 0.000000 0.000000 1.000000 30.000000 -14.000000 1.000000
trapper -235.027725 -1712.875000 -106.140671 0.000000 9.000000 -82.000000 0.000000 1.000000 0.000000 30.000000 9.000000 0.000000
trapper -245.957733 -1561.599609 112.875000 0.000000 -23.000000 179.000000 0.000000 0.000000 -1.000000 30.000000 -23.000000 0.000000
acid_tube -223.124985 -1433.188721 -144.875061 0.000000 38.000000 0.000000 0.000000 0.000000 1.000000 30.000000 38.000000 1.000000
barricade -248.845871 -1565.231201 -144.875061 0.000000 0.000000 0.000000 0.000000 0.000000 1.000000 30.000000 0.000000 1.000000
acid_tube -544.340149 -1885.733643 -96.875000 0.000000 118.000000 0.000000 0.000000 0.000000 1.000000 30.000000 118.000000 1.000000
eggpod -567.984497 -2683.102539 -143.809021 0.000000 -68.000000 0.000000 0.000000 0.447214 0.894427 30.000000 -68.000000 1.000000
trapper -25.023420 -2704.875000 -132.133606 0.000000 61.000000 -30.000000 0.000000 1.000000 0.000000 30.000000 61.000000 0.000000
acid_tube -121.683601 -2468.574951 -144.875061 0.000000 49.000000 0.000000 0.000000 0.000000 1.000000 30.000000 49.000000 1.000000
barricade -83.897400 -2569.028076 -144.875061 0.000000 0.000000 0.000000 0.000000 0.000000 1.000000 30.000000 0.000000 1.000000
acid_tube -254.605286 -2651.204834 -144.875061 0.000000 -64.000000 0.000000 0.000000 0.000000 1.000000 30.000000 -64.000000 1.000000
acid_tube -267.500397 -2457.189453 -144.875061 0.000000 11.000000 0.000000 0.000000 0.000000 1.000000 30.000000 11.000000 1.000000
eggpod -359.734711 -2330.312500 -144.875061 0.000000 -2.000000 0.000000 0.000000 0.000000 1.000000 30.000000 -2.000000 1.000000
booster -334.587952 -2689.887695 -148.875061 0.000000 -75.000000 0.000000 0.000000 0.000000 1.000000 30.000000 -75.000000 1.000000
acid_tube -1109.119019 -2084.877197 -144.875061 0.000000 -69.000000 0.000000 0.000000 0.000000 1.000000 30.000000 -69.000000 1.000000
acid_tube -800.368042 -2482.410400 -144.875061 0.000000 -115.000000 0.000000 0.000000 0.000000 1.000000 30.000000 -115.000000 1.000000
eggpod -1014.151306 -2523.822021 -32.875000 0.000000 170.000000 0.000000 0.000000 0.000000 1.000000 30.000000 170.000000 1.000000
hive -1419.875000 -3095.057129 6.966400 0.000000 167.000000 13.000000 1.000000 0.000000 0.000000 30.000000 167.000000 0.000000
hive -530.530151 -1439.909180 49.979462 0.000000 -103.000000 -76.000000 0.832050 0.000000 -0.554700 30.000000 -103.000000 0.000000
barricade -809.190430 -2655.089600 -144.875061 0.000000 -161.000000 0.000000 0.000000 0.000000 1.000000 30.000000 -161.000000 1.000000
barricade -1530.311646 -2991.524414 -176.875061 0.000000 179.000000 0.000000 0.000000 0.000000 1.000000 30.000000 179.000000 1.000000
acid_tube 1134.374512 -312.216309 111.124969 0.000000 -54.000000 0.000000 0.000000 0.000000 1.000000 30.000000 -54.000000 1.000000
acid_tube 854.983276 -521.866516 111.124969 0.000000 -125.000000 0.000000 0.000000 0.000000 1.000000 30.000000 -125.000000 1.000000
acid_tube 441.627838 -1743.376221 -144.875061 0.000000 -56.000000 0.000000 0.000000 0.000000 1.000000 30.000000 -56.000000 1.000000
acid_tube -22.011555 -984.049744 -159.495697 0.000000 155.000000 0.000000 0.062257 0.062257 0.996117 30.000000 155.000000 1.000000
hive 84.347099 -868.125000 -68.609451 0.000000 -177.000000 -90.000000 0.000000 -1.000000 0.000000 30.000000 -177.000000 0.000000
trapper 484.324280 -850.935730 270.875000 0.000000 64.000000 -179.000000 0.000000 0.000000 -1.000000 30.000000 64.000000 0.000000
trapper 222.684906 -1582.220581 240.875061 0.000000 87.000000 180.000000 0.000000 0.000000 -1.000000 30.000000 87.000000 0.000000
eggpod -1437.454346 -1929.389038 -176.875061 0.000000 -25.000000 0.000000 0.000000 0.000000 1.000000 30.000000 -25.000000 1.000000
eggpod -1603.312256 -1947.680786 -176.875061 0.000000 -140.000000 0.000000 0.000000 0.000000 1.000000 30.000000 -140.000000 1.000000
eggpod -1444.818359 -2193.651367 -176.875061 0.000000 -48.000000 0.000000 0.000000 0.000000 1.000000 30.000000 -48.000000 1.000000
eggpod -1591.192871 -2061.679199 -176.875061 0.000000 -108.000000 0.000000 0.000000 0.000000 1.000000 30.000000 -108.000000 1.000000
booster -1441.704712 -2041.043945 -182.875061 0.000000 -27.000000 0.000000 0.000000 0.000000 1.000000 30.000000 -27.000000 1.000000
acid_tube -1772.903320 -2479.360840 -176.875061 0.000000 167.000000 0.000000 0.000000 0.000000 1.000000 30.000000 167.000000 1.000000
acid_tube -1667.495972 -2666.897705 -104.875000 0.000000 -97.000000 0.000000 -0.000000 0.000000 1.000000 30.000000 -97.000000 1.000000
acid_tube -2309.936523 -2673.722412 -176.875061 0.000000 -72.000000 0.000000 0.000000 0.000000 1.000000 30.000000 -72.000000 1.000000
acid_tube -2480.720947 -2856.630615 -176.875061 0.000000 -164.000000 0.000000 0.000000 0.000000 1.000000 30.000000 -164.000000 1.000000
eggpod -2523.284424 -2450.170654 80.875000 0.000000 98.000000 179.000000 0.000000 0.000000 -1.000000 30.000000 98.000000 0.000000
eggpod -976.259155 -1787.376221 128.875061 0.000000 86.000000 179.000000 0.000000 0.000000 -1.000000 30.000000 86.000000 0.000000
acid_tube 1341.873413 -2810.012451 254.952271 0.000000 63.000000 179.000000 -0.707107 0.000000 -0.707107 30.000000 63.000000 0.000000
acid_tube -1829.319092 -740.710266 15.125000 0.000000 -32.000000 0.000000 0.000000 0.000000 1.000000 30.000000 -32.000000 1.000000
acid_tube -1835.105103 -859.371948 15.125000 0.000000 -50.000000 0.000000 0.000000 0.000000 1.000000 30.000000 -50.000000 1.000000
tesla -553.876709 -186.687317 136.125000 0.000000 -90.000000 0.000000 0.000000 0.000000 1.000000 30.000000 -90.000000 1.000000
eggpod -1066.628052 -2712.654297 236.875000 0.000000 -89.000000 179.000000 0.000000 0.000000 -1.000000 30.000000 -89.000000 0.000000
trapper -436.350555 -1925.063354 112.875000 0.000000 -91.000000 179.000000 0.000000 0.000000 -1.000000 30.000000 -91.000000 0.000000
dcc 67.469177 -3120.888672 -146.875000 0.000000 24.000000 0.000000 0.000000 0.000000 1.000000 30.000000 24.000000 1.000000
tesla 1892.436523 -1394.518921 40.125000 0.000000 -8.000000 0.000000 0.000000 0.000000 1.000000 30.000000 -8.000000 1.000000
overmind -2201.799316 -2374.547119 -80.875000 0.000000 128.000000 0.000000 0.000000 0.000000 1.000000 30.000000 128.000000 1.000000
mgturret -1351.123779 -280.029419 116.125000 0.000000 -81.000000 0.000000 0.000000 0.000000 1.000000 0.000000 -81.000000 1.000000
tesla 1895.203979 -1307.556763 40.125000 0.000000 4.000000 0.000000 0.000000 0.000000 1.000000 30.000000 4.000000 1.000000
medistat 1730.114380 -1183.154175 3.125000 0.000000 -12.000000 0.000000 0.000000 0.000000 1.000000 30.000000 -12.000000 1.000000
repeater 6.500916 -3228.681641 -144.875031 0.000000 -132.000000 0.000000 0.000000 0.000000 1.000000 30.000000 -132.000000 1.000000
dcc -232.138641 -91.958099 109.125000 0.000000 1.000000 0.000000 0.000000 0.000000 1.000000 30.000000 1.000000 1.000000
repeater -767.248840 -2243.636719 -144.875015 0.000000 90.000000 0.000000 0.000000 0.000000 1.000000 30.000000 90.000000 1.000000
medistat 1719.645020 -1493.263672 3.124992 0.000000 -12.000000 0.000000 0.000000 0.000000 1.000000 30.000000 -12.000000 1.000000
hive -1605.014404 -2500.417480 12.469869 0.000000 -83.000000 0.000000 0.316228 0.000000 0.948683 30.000000 -83.000000 1.000000
hive -2417.936523 -2497.701416 22.110596 0.000000 115.000000 0.000000 0.948683 0.000000 0.316228 30.000000 115.000000 1.000000
hive -1852.546387 -797.378174 203.875015 0.000000 96.000000 179.000000 0.000000 0.000000 -1.000000 30.000000 96.000000 0.000000
medistat -413.503082 -275.055878 103.125000 0.000000 -134.000000 0.000000 0.000000 0.000000 1.000000 30.000000 -134.000000 1.000000
mgturret 1634.173706 -1266.488159 20.125000 0.000000 -174.000000 0.000000 0.000000 0.000000 1.000000 0.000000 -174.000000 1.000000
mgturret -657.412170 -195.441711 116.125000 0.000000 177.000000 0.000000 0.000000 0.000000 1.000000 0.000000 177.000000 1.000000
dcc -236.660995 -520.137939 109.125000 0.000000 -89.000000 0.000000 0.000000 0.000000 1.000000 30.000000 -89.000000 1.000000
tesla -217.473938 -446.361481 136.125000 0.000000 0.000000 0.000000 0.000000 0.000000 1.000000 30.000000 0.000000 1.000000
mgturret -310.741516 -229.434280 116.125000 0.000000 -12.000000 0.000000 0.000000 0.000000 1.000000 0.000000 -12.000000 1.000000
tesla -304.291077 -171.875107 136.125000 0.000000 -90.000000 0.000000 0.000000 0.000000 1.000000 30.000000 -90.000000 1.000000
mgturret 209.703751 -2828.817627 -139.875000 0.000000 63.000000 0.000000 0.000000 0.000000 1.000000 0.000000 63.000000 1.000000
mgturret -547.232910 30.290203 116.125000 0.000000 -44.000000 0.000000 0.000000 0.000000 1.000000 0.000000 -44.000000 1.000000
mgturret -699.912964 -29.060764 116.125000 0.000000 -141.000000 0.000000 0.000000 0.000000 1.000000 0.000000 -141.000000 1.000000
mgturret 1634.929321 -1461.028442 20.125000 0.000000 -152.000000 0.000000 0.000000 0.000000 1.000000 0.000000 -152.000000 1.000000
tesla 1728.565430 -1608.276367 36.125000 0.000000 -42.000000 0.000000 0.000000 0.000000 1.000000 30.000000 -42.000000 1.000000
tesla 1724.098267 -1068.706299 36.125000 0.000000 17.000000 0.000000 0.000000 0.000000 1.000000 30.000000 17.000000 1.000000
mgturret 404.966919 -2999.949951 -139.875000 0.000000 31.000000 0.000000 0.000000 0.000000 1.000000 0.000000 31.000000 1.000000
dcc -132.640060 -2864.259521 -98.875000 0.000000 141.000000 0.000000 0.000000 0.000000 1.000000 30.000000 141.000000 1.000000
dcc 40.109734 -2833.031494 -146.875000 0.000000 142.000000 0.000000 0.000000 0.000000 1.000000 30.000000 142.000000 1.000000
dcc 218.700287 -3219.425293 -123.875000 0.000000 -133.000000 0.000000 0.000000 0.000000 1.000000 30.000000 -133.000000 1.000000
dcc -234.319183 -3122.602783 -146.875000 0.000000 -177.000000 0.000000 0.000000 0.000000 1.000000 30.000000 -177.000000 1.000000
acid_tube 286.539673 -1132.669434 -160.875000 0.000000 -129.000000 0.000000 0.000000 0.000000 1.000000 30.000000 -129.000000 1.000000
barricade 377.870605 -1228.095825 -157.844910 0.000000 -103.000000 0.000000 0.123091 0.123091 0.984732 30.000000 -103.000000 1.000000
booster -541.284485 -1951.076782 -150.875000 0.000000 -170.000000 0.000000 0.000000 0.000000 1.000000 30.000000 -170.000000 1.000000
arm -1372.235840 -52.875393 109.125000 0.000000 -179.000000 0.000000 0.000000 0.000000 1.000000 30.000000 -179.000000 1.000000
barricade 293.319702 -982.683105 -157.983734 0.000000 -146.000000 0.000000 0.000000 -0.228191 0.973616 30.000000 -146.000000 1.000000
hive -107.875000 -890.103638 13.655582 0.000000 116.000000 89.000000 1.000000 0.000000 0.000000 30.000000 116.000000 0.000000
trapper -1067.224121 -2593.551025 240.875000 0.000000 88.000000 -179.000000 0.000000 0.000000 -1.000000 30.000000 88.000000 0.000000
hive 217.089630 -1131.238647 54.819996 0.000000 -84.000000 -127.000000 0.000000 0.132628 -0.991166 30.000000 -84.000000 -0.707107
hive -1872.718140 -2380.414551 75.875000 0.000000 -144.000000 -179.000000 0.000000 0.000000 -1.000000 30.000000 -144.000000 0.000000
booster -2379.702393 -1986.828735 -54.875000 0.000000 32.000000 0.000000 0.000000 0.000000 1.000000 30.000000 32.000000 1.000000
eggpod -2245.629395 -1979.379028 176.875000 0.000000 59.000000 179.000000 0.000000 0.000000 -1.000000 30.000000 59.000000 0.000000
eggpod -2272.693359 -2117.692871 161.129852 0.000000 -70.000000 180.000000 0.707107 0.000000 -0.707107 30.000000 -70.000000 0.000000
trapper -2269.981201 -1723.135864 163.842133 0.000000 116.000000 119.000000 0.707107 0.000000 -0.707107 30.000000 116.000000 -0.707107
trapper -1743.125000 -1658.568726 54.457047 0.000000 169.000000 -11.000000 -1.000000 0.000000 0.000000 30.000000 169.000000 0.000000
hive -2355.882080 -1743.593140 346.437073 0.000000 85.000000 -66.000000 -0.768221 -0.512148 0.384111 30.000000 85.000000 0.447214
trapper -2502.801025 -1834.531982 368.875000 0.000000 115.000000 179.000000 0.000000 0.000000 -1.000000 30.000000 115.000000 0.000000
eggpod -2486.737793 -1670.528931 368.875000 0.000000 129.000000 179.000000 0.000000 0.000000 -1.000000 30.000000 129.000000 0.000000
hive -2385.169189 -2075.203369 344.925140 0.000000 -82.000000 62.000000 -0.768221 0.512148 0.384111 30.000000 -82.000000 0.447214
hive -2406.001221 -1837.714844 240.277069 0.000000 91.000000 -63.000000 -0.894427 0.000000 0.447214 30.000000 91.000000 0.447214
hive -2017.962158 -1745.741089 171.875000 0.000000 178.000000 -179.000000 0.000000 0.000000 -1.000000 30.000000 178.000000 0.000000
barricade -1925.474365 -1650.495239 15.125000 0.000000 75.000000 0.000000 0.000000 0.000000 1.000000 30.000000 75.000000 1.000000
eggpod -2016.763916 -1319.535034 15.125000 0.000000 163.000000 0.000000 0.000000 0.000000 1.000000 30.000000 163.000000 1.000000
booster -1888.548706 -1097.699463 9.125000 0.000000 -96.000000 0.000000 0.000000 0.000000 1.000000 30.000000 -96.000000 1.000000
trapper -1679.125000 -1478.697998 68.449692 0.000000 2.000000 -172.000000 -1.000000 0.000000 0.000000 30.000000 2.000000 0.000000
eggpod -1773.674805 -1794.742798 15.125000 0.000000 -17.000000 0.000000 0.000000 0.000000 1.000000 30.000000 -17.000000 1.000000
booster -2201.191650 -1664.836670 -11.932144 0.000000 117.000000 0.000000 -0.316228 0.000000 0.948683 30.000000 117.000000 1.000000
acid_tube -2102.204102 -1673.408813 15.125000 0.000000 94.000000 0.000000 0.000000 0.000000 1.000000 30.000000 94.000000 1.000000
acid_tube -2275.729492 -2007.441162 -52.995392 0.000000 58.000000 0.000000 0.447214 0.000000 0.894427 30.000000 58.000000 1.000000
acid_tube -2433.386230 -1844.450684 -48.875000 0.000000 -79.000000 0.000000 0.000000 0.000000 1.000000 30.000000 -79.000000 1.000000
acid_tube -2152.260742 -2121.856934 -114.729797 0.000000 0.000000 0.000000 0.447214 0.000000 0.894427 30.000000 0.000000 1.000000
acid_tube -1940.178589 -2003.559570 -176.875000 0.000000 42.000000 0.000000 0.000000 0.000000 1.000000 30.000000 42.000000 1.000000
eggpod -1856.447754 -2103.898193 176.875000 0.000000 -44.000000 179.000000 0.000000 0.000000 -1.000000 30.000000 -44.000000 0.000000
barricade -2363.657471 -1740.496826 -48.875000 0.000000 14.000000 0.000000 0.000000 0.000000 1.000000 30.000000 14.000000 1.000000
barricade -2366.544189 -2070.599854 -48.875000 0.000000 9.000000 0.000000 0.000000 0.000000 1.000000 30.000000 9.000000 1.000000
eggpod -2643.419434 -1976.197144 -48.875000 0.000000 -111.000000 0.000000 0.000000 0.000000 1.000000 30.000000 -111.000000 1.000000
acid_tube -2607.481934 -1837.175049 -48.875000 0.000000 -127.000000 0.000000 0.000000 0.000000 1.000000 30.000000 -127.000000 1.000000
trapper -2614.703613 -1661.595703 15.531899 0.000000 141.000000 159.000000 0.928477 -0.371391 0.000000 30.000000 141.000000 0.000000
hive -2638.375244 -2016.084717 125.285484 0.000000 -178.000000 158.000000 0.842152 0.336861 -0.421076 30.000000 -178.000000 -0.421076
trapper -2526.277832 -2128.875000 27.869347 0.000000 81.000000 -10.000000 0.000000 1.000000 0.000000 30.000000 81.000000 0.000000
medistat -1281.067505 -60.764801 103.125000 0.000000 92.000000 0.000000 0.000000 0.000000 1.000000 30.000000 92.000000 1.000000
telenode -1399.354126 -178.776947 100.125000 0.000000 93.000000 0.000000 0.000000 0.000000 1.000000 30.000000 93.000000 1.000000
hive -1545.784058 -747.023254 123.875000 0.000000 108.000000 180.000000 0.000000 0.000000 -1.000000 30.000000 108.000000 0.000000
trapper -20.803844 -2447.125000 -138.925842 0.000000 29.000000 116.000000 0.000000 -1.000000 0.000000 30.000000 29.000000 0.000000
acid_tube -340.125000 -2076.716064 -32.408989 0.000000 -76.000000 79.000000 -1.000000 0.000000 0.000000 30.000000 -76.000000 0.000000
tesla 249.330368 -3024.159912 -119.875000 0.000000 -93.000000 0.000000 0.000000 0.000000 1.000000 30.000000 -93.000000 1.000000
dcc 2010.845459 -1390.641113 41.125000 0.000000 2.000000 0.000000 0.000000 0.000000 1.000000 30.000000 2.000000 1.000000
telenode 311.544434 -2940.036133 -155.875000 0.000000 -175.000000 0.000000 0.000000 0.000000 1.000000 30.000000 -175.000000 1.000000
mgturret -762.316040 -308.562317 116.124969 0.000000 144.000000 0.000000 0.000000 0.000000 1.000000 0.000000 144.000000 1.000000
mgturret 349.019043 -2873.770508 -139.875000 0.000000 77.000000 0.000000 0.000000 0.000000 1.000000 0.000000 77.000000 1.000000
tesla -596.932800 33.026630 136.125000 0.000000 -113.000000 0.000000 0.000000 0.000000 1.000000 30.000000 -113.000000 1.000000
mgturret -802.985901 -27.859568 116.125000 0.000000 -132.000000 0.000000 0.000000 0.000000 1.000000 0.000000 -132.000000 1.000000
mgturret -734.362549 -238.980911 116.125000 0.000000 159.000000 0.000000 0.000000 0.000000 1.000000 0.000000 159.000000 1.000000
tesla -700.553833 -343.073334 136.125000 0.000000 82.000000 0.000000 0.000000 0.000000 1.000000 30.000000 82.000000 1.000000
tesla -280.913177 -25.117670 136.125000 0.000000 24.000000 0.000000 0.000000 0.000000 1.000000 30.000000 24.000000 1.000000
telenode -633.478516 -69.141319 100.125000 0.000000 167.000000 0.000000 0.000000 0.000000 1.000000 30.000000 167.000000 1.000000
telenode -551.840210 -81.476868 100.125000 0.000000 4.000000 0.000000 0.000000 0.000000 1.000000 30.000000 4.000000 1.000000
telenode -399.433960 -122.820580 100.125000 0.000000 -26.000000 0.000000 0.000000 0.000000 1.000000 30.000000 -26.000000 1.000000
mgturret -1179.582275 -265.335510 116.125000 0.000000 -99.000000 0.000000 0.000000 0.000000 1.000000 0.000000 -99.000000 1.000000
mgturret -1199.512695 -108.506424 116.125000 0.000000 -105.000000 0.000000 0.000000 0.000000 1.000000 0.000000 -105.000000 1.000000
tesla -1059.104004 -262.838776 136.125000 0.000000 -25.000000 0.000000 0.000000 0.000000 1.000000 30.000000 -25.000000 1.000000
tesla -1062.854004 -121.739975 136.125000 0.000000 14.000000 0.000000 0.000000 0.000000 1.000000 30.000000 14.000000 1.000000
tesla -74.560028 -246.776489 136.125000 0.000000 45.000000 0.000000 0.000000 0.000000 1.000000 30.000000 45.000000 1.000000
mgturret 79.128250 -338.991180 116.125000 0.000000 90.000000 0.000000 0.000000 0.000000 1.000000 0.000000 90.000000 1.000000
mgturret 342.232056 119.819290 116.125000 0.000000 -79.000000 0.000000 0.000000 0.000000 1.000000 0.000000 -79.000000 1.000000
mgturret 12.575878 108.674599 116.125000 0.000000 -21.000000 0.000000 0.000000 0.000000 1.000000 0.000000 -21.000000 1.000000
arm 184.305725 150.899368 109.125000 0.000000 0.000000 0.000000 0.000000 0.000000 1.000000 30.000000 0.000000 1.000000
medistat 185.022339 64.815086 103.125000 0.000000 -22.000000 0.000000 0.000000 0.000000 1.000000 30.000000 -22.000000 1.000000
telenode 90.104729 121.888153 100.125000 0.000000 88.000000 0.000000 0.000000 0.000000 1.000000 30.000000 88.000000 1.000000
mgturret 290.189423 -357.702301 116.125000 0.000000 13.000000 0.000000 0.000000 0.000000 1.000000 -359.975067 347.686157 1.000000
dcc 2006.511230 -1301.432129 29.125000 0.000000 0.000000 0.000000 0.000000 0.000000 1.000000 30.000000 0.000000 1.000000
telenode 11.082710 27.186069 100.125000 0.000000 179.000000 0.000000 0.000000 0.000000 1.000000 30.000000 179.000000 1.000000
dcc 2015.945923 -1548.204834 21.125000 0.000000 2.000000 0.000000 0.000000 0.000000 1.000000 30.000000 2.000000 1.000000
dcc 2001.821411 -1194.303711 21.124992 0.000000 0.000000 0.000000 0.000000 0.000000 1.000000 30.000000 0.000000 1.000000
tesla 2145.866455 -1120.702271 112.125000 0.000000 8.000000 0.000000 0.000000 0.000000 1.000000 30.000000 8.000000 1.000000
dcc 474.201904 -98.937973 -178.875000 0.000000 -90.000000 0.000000 0.000000 0.000000 1.000000 30.000000 -90.000000 1.000000
dcc 23.810482 -111.039032 -178.875000 0.000000 -91.000000 0.000000 0.000000 0.000000 1.000000 30.000000 -91.000000 1.000000
dcc 15.418624 25.656509 -178.875000 0.000000 -89.000000 0.000000 0.000000 0.000000 1.000000 30.000000 -89.000000 1.000000
dcc -256.200562 69.564224 77.125000 0.000000 90.000000 0.000000 0.000000 0.000000 1.000000 30.000000 90.000000 1.000000
dcc -795.789185 68.332825 77.125000 0.000000 89.000000 0.000000 0.000000 0.000000 1.000000 30.000000 89.000000 1.000000
mgturret -846.708130 129.812653 84.125000 0.000000 80.000000 0.000000 0.000000 0.000000 1.000000 0.000000 80.000000 1.000000
mgturret -295.601044 133.193588 84.125000 0.000000 95.000000 0.000000 0.000000 0.000000 1.000000 0.000000 95.000000 1.000000
dcc -337.019287 69.695526 77.125000 0.000000 90.000000 0.000000 0.000000 0.000000 1.000000 30.000000 90.000000 1.000000
dcc -892.837158 68.920311 77.125000 0.000000 90.000000 0.000000 0.000000 0.000000 1.000000 30.000000 90.000000 1.000000
tesla -400.566162 -471.324493 184.125000 0.000000 -118.000000 0.000000 0.000000 0.000000 1.000000 30.000000 -118.000000 1.000000
tesla -314.045013 -458.454315 136.125000 0.000000 -81.000000 0.000000 0.000000 0.000000 1.000000 30.000000 -81.000000 1.000000
mgturret -394.917511 -358.747101 116.125000 0.000000 36.000000 0.000000 0.000000 0.000000 1.000000 0.000000 36.000000 1.000000
telenode -759.198242 -124.476761 100.125000 0.000000 6.000000 0.000000 0.000000 0.000000 1.000000 30.000000 6.000000 1.000000
eggpod 503.956909 -767.288208 -112.875000 0.000000 9.000000 0.000000 0.000000 0.000000 1.000000 30.000000 9.000000 1.000000
telenode -1269.976562 -182.951035 100.125000 0.000000 88.000000 0.000000 0.000000 0.000000 1.000000 30.000000 88.000000 1.000000
tesla -1490.116211 -169.577393 168.125000 0.000000 117.000000 0.000000 0.000000 0.000000 1.000000 30.000000 117.000000 1.000000
hive 212.944366 -895.288940 -146.711548 0.000000 58.000000 0.000000 0.108090 -0.108090 0.988248 30.000000 58.000000 1.000000
mgturret -314.031128 -387.578888 116.124969 0.000000 16.000000 0.000000 0.000000 0.000000 1.000000 0.000000 16.000000 1.000000
hive 305.174561 -1380.205933 -141.898804 0.000000 155.000000 0.000000 0.000000 -0.124035 0.992278 30.000000 155.000000 1.000000
hive -64.083015 -1447.562866 -147.312363 0.000000 124.000000 0.000000 0.212806 -0.091203 0.972829 30.000000 124.000000 1.000000
hive -67.488945 -917.989380 -149.090973 0.000000 89.000000 0.000000 0.000000 -0.108728 0.994071 30.000000 89.000000 1.000000
eggpod 154.871231 -784.276733 15.125000 0.000000 8.000000 0.000000 0.000000 0.000000 1.000000 30.000000 8.000000 1.000000
eggpod 219.581512 -896.704834 496.875000 0.000000 0.000000 179.000000 0.000000 0.000000 -1.000000 30.000000 0.000000 0.000000
trapper 187.723648 -556.071228 205.637848 0.000000 -177.000000 136.000000 0.351123 0.000000 -0.936329 30.000000 -177.000000 -0.683486
trapper 404.239227 -550.848938 272.875000 0.000000 -7.000000 -177.000000 0.000000 0.000000 -1.000000 30.000000 -7.000000 -0.923422
trapper 413.166260 -350.550018 304.875000 0.000000 123.000000 156.000000 0.000000 0.000000 -1.000000 30.000000 123.000000 -0.690457
trapper 522.311218 -365.502045 304.875000 0.000000 63.000000 -157.000000 0.000000 0.000000 -1.000000 30.000000 63.000000 -0.690488
eggpod 1156.713135 -490.483154 432.875000 0.000000 -11.000000 180.000000 0.000000 0.000000 -1.000000 30.000000 -11.000000 0.000000
booster 1161.777222 -469.831329 105.125000 0.000000 0.000000 0.000000 0.000000 0.000000 1.000000 30.000000 0.000000 1.000000
booster 48.312431 -490.004242 9.125000 0.000000 161.000000 0.000000 0.000000 0.000000 1.000000 30.000000 161.000000 1.000000
booster -717.114319 -1974.940186 -150.875000 0.000000 -84.000000 0.000000 0.000000 0.000000 1.000000 30.000000 -84.000000 1.000000
eggpod -719.227295 -1982.260620 16.875000 0.000000 -66.000000 180.000000 0.000000 0.000000 -1.000000 30.000000 -66.000000 -0.000000
booster -1222.825684 -1903.230225 -150.875000 0.000000 154.000000 0.000000 0.000000 0.000000 1.000000 30.000000 154.000000 1.000000
eggpod -1229.928711 -1885.452148 16.875000 0.000000 163.000000 180.000000 0.000000 0.000000 -1.000000 30.000000 163.000000 0.000000
booster -1199.901733 -2204.219727 9.125000 0.000000 36.000000 0.000000 0.000000 0.000000 1.000000 30.000000 36.000000 1.000000
booster -1015.077393 -2258.569580 -150.875000 0.000000 59.000000 0.000000 0.000000 0.000000 1.000000 30.000000 59.000000 1.000000
barricade 35.756321 -731.760315 15.125000 0.000000 156.000000 0.000000 0.000000 0.000000 1.000000 30.000000 156.000000 1.000000
