eggpod 93.577393 901.861938 15.125000 0.000000 176.000000 0.000000 0.000000 0.000000 1.000000 30.000000 176.000000 1.000000
acid_tube 1433.043823 -50.818832 226.649841 0.000000 86.000000 89.000000 0.995037 -0.099504 0.000000 30.000000 86.000000 0.000000
eggpod 2667.668945 -510.129730 148.875000 0.000000 -100.000000 180.000000 0.000000 0.000000 -1.000000 30.000000 -100.000000 0.000000
acid_tube 1523.206787 -432.890015 -48.875000 0.000000 -172.000000 0.000000 0.000000 0.000000 1.000000 30.000000 -172.000000 1.000000
telenode -712.405823 -575.644226 172.125000 0.000000 90.000000 0.000000 0.000000 0.000000 1.000000 30.000000 90.000000 1.000000
tesla -559.957886 -577.314331 88.125000 0.000000 91.000000 0.000000 0.000000 0.000000 1.000000 30.000000 91.000000 1.000000
arm -626.963379 -650.264526 67.125000 0.000000 90.000000 0.000000 0.000000 0.000000 1.000000 30.000000 90.000000 1.000000
telenode -707.227783 -708.578979 172.125000 0.000000 -88.000000 0.000000 0.000000 0.000000 1.000000 30.000000 -88.000000 1.000000
acid_tube 1523.114014 126.188065 15.125000 0.000000 -155.000000 0.000000 0.000000 0.000000 1.000000 30.000000 -155.000000 1.000000
booster 1691.322754 99.041977 -54.875000 0.000000 131.000000 0.000000 0.000000 0.000000 1.000000 30.000000 131.000000 1.000000
barricade 1624.236328 -213.764709 -48.875000 0.000000 178.000000 0.000000 0.000000 0.000000 1.000000 30.000000 178.000000 1.000000
overmind 1484.335571 -360.355286 -48.875000 0.000000 -176.000000 0.000000 0.000000 0.000000 1.000000 30.000000 -176.000000 1.000000
telenode -710.233398 -485.610535 172.125000 0.000000 -89.000000 0.000000 0.000000 0.000000 1.000000 30.000000 -89.000000 1.000000
hive -104.525833 -1526.394653 86.989426 0.000000 -98.000000 92.000000 -0.986394 0.164399 0.000000 30.000000 -98.000000 0.000000
eggpod 101.280998 -37.217514 15.125000 0.000000 146.000000 0.000000 0.000000 0.000000 1.000000 30.000000 146.000000 1.000000
acid_tube 73.930481 62.259380 136.206543 0.000000 -178.000000 -1.000000 0.970143 0.000000 -0.242536 30.000000 -178.000000 0.242536
acid_tube 75.485374 -618.203186 142.426117 0.000000 92.000000 82.000000 0.970143 0.000000 -0.242536 30.000000 92.000000 0.242536
eggpod 1344.582520 -1098.693115 14.607317 0.000000 0.000000 0.000000 -0.000000 0.083042 0.996546 30.000000 0.000000 1.000000
acid_tube 1068.176392 -1011.407288 4.105825 0.000000 178.000000 0.000000 0.124037 0.000000 0.992278 30.000000 178.000000 1.000000
eggpod -1115.830444 -2787.346680 288.875000 0.000000 -178.000000 180.000000 0.000000 0.000000 -1.000000 30.000000 -178.000000 0.000000
booster -1110.746948 -2786.054443 -70.875000 0.000000 168.000000 0.000000 0.000000 0.000000 1.000000 30.000000 168.000000 1.000000
eggpod 658.401428 -2416.874023 288.875000 0.000000 -8.000000 180.000000 0.000000 0.000000 -1.000000 30.000000 -8.000000 0.000000
tesla -492.691467 -754.489563 40.125000 0.000000 87.000000 0.000000 0.000000 0.000000 1.000000 30.000000 87.000000 1.000000
reactor -447.044464 -635.508545 15.125000 0.000000 -4.000000 0.000000 0.000000 0.000000 1.000000 30.000000 -4.000000 1.000000
dcc -434.114838 -548.402710 89.125000 0.000000 -1.000000 0.000000 0.000000 0.000000 1.000000 30.000000 -1.000000 1.000000
medistat -546.412842 -643.673279 55.125000 0.000000 89.000000 0.000000 0.000000 0.000000 1.000000 30.000000 89.000000 1.000000
telenode -710.925049 -800.669922 172.125000 0.000000 90.000000 0.000000 0.000000 0.000000 1.000000 30.000000 90.000000 1.000000
acid_tube -243.621765 -477.747314 169.495239 0.000000 164.000000 104.000000 0.000000 0.970142 -0.242536 30.000000 164.000000 -0.242536
acid_tube 2482.916260 -552.788635 112.875000 0.000000 1.000000 180.000000 0.000000 0.000000 -1.000000 30.000000 1.000000 0.000000
acid_tube -234.226227 -185.333359 183.902817 0.000000 -147.000000 -120.000000 0.000000 -0.800000 -0.600000 30.000000 -147.000000 -0.242536
eggpod -119.458420 -869.562561 368.875000 0.000000 3.000000 180.000000 0.000000 0.000000 -1.000000 30.000000 3.000000 0.000000
acid_tube -228.233490 -875.875000 255.350601 0.000000 174.000000 89.000000 0.000000 1.000000 0.000000 30.000000 174.000000 0.000000
hive -234.244003 -873.928711 363.875000 0.000000 -92.000000 180.000000 0.000000 0.000000 -1.000000 30.000000 -92.000000 0.000000
eggpod -167.614655 -1953.670288 288.875000 0.000000 -177.000000 180.000000 0.000000 0.000000 -1.000000 30.000000 -177.000000 0.000000
acid_tube -1059.241455 -1892.125000 171.869232 0.000000 49.000000 85.000000 0.000000 -1.000000 0.000000 30.000000 49.000000 0.000000
acid_tube -470.470398 -2155.875000 152.331741 0.000000 -28.000000 -70.000000 0.000000 1.000000 0.000000 30.000000 -28.000000 0.000000
acid_tube 1298.309814 -1089.395508 13.018520 0.000000 -7.000000 0.000000 -0.047401 0.082952 0.995426 30.000000 -7.000000 1.000000
acid_tube -457.931030 -2293.985352 96.875000 0.000000 174.000000 180.000000 0.000000 0.000000 -1.000000 30.000000 174.000000 0.000000
acid_tube 156.127884 -2293.651611 96.875000 0.000000 4.000000 180.000000 0.000000 0.000000 -1.000000 30.000000 4.000000 0.000000
acid_tube -533.910522 -2620.002197 -64.875000 0.000000 -177.000000 0.000000 0.000000 0.000000 1.000000 30.000000 -177.000000 1.000000
eggpod 616.655884 -2668.740479 288.875000 0.000000 5.000000 180.000000 0.000000 0.000000 -1.000000 30.000000 5.000000 0.000000
eggpod -1123.665527 -2065.656738 -64.875000 0.000000 -100.000000 0.000000 0.000000 0.000000 1.000000 30.000000 -100.000000 1.000000
eggpod 35.406818 -2496.666260 288.875000 0.000000 -86.000000 180.000000 0.000000 0.000000 -1.000000 30.000000 -86.000000 0.000000
trapper -1152.875000 -1988.740723 13.953628 0.000000 41.000000 91.000000 1.000000 0.000000 0.000000 30.000000 41.000000 0.000000
hive 21.511330 -1892.125000 177.430313 0.000000 -172.000000 -91.000000 0.000000 -1.000000 0.000000 30.000000 -172.000000 0.000000
trapper -527.125000 -1986.908203 -41.978325 0.000000 -13.000000 164.000000 -1.000000 0.000000 0.000000 30.000000 -13.000000 0.000000
trapper -206.962158 -2160.875000 -11.237607 0.000000 122.000000 76.000000 0.000000 1.000000 0.000000 30.000000 122.000000 0.000000
acid_tube -716.701355 -1898.488281 114.302933 0.000000 165.000000 -65.000000 0.000000 -0.894427 0.447214 30.000000 165.000000 0.447214
barricade 1570.183960 -337.550598 -48.875000 0.000000 -167.000000 0.000000 0.000000 0.000000 1.000000 30.000000 -167.000000 1.000000
eggpod 2777.915039 328.995239 -48.875000 0.000000 86.000000 0.000000 0.000000 0.000000 1.000000 30.000000 86.000000 1.000000
trapper 77.510590 240.875000 63.631042 0.000000 97.000000 -16.000000 0.000000 -1.000000 0.000000 30.000000 97.000000 0.000000
booster 2786.669678 275.060089 -54.875000 0.000000 82.000000 0.000000 0.000000 0.000000 1.000000 30.000000 82.000000 1.000000
acid_tube 2784.264160 199.676147 -48.875000 0.000000 88.000000 0.000000 0.000000 0.000000 1.000000 30.000000 88.000000 1.000000
acid_tube 768.040100 -967.944885 232.420090 0.000000 -161.000000 -87.000000 0.398726 -0.917070 0.000000 30.000000 -161.000000 0.000000
acid_tube 765.224365 -1238.830811 240.226456 0.000000 159.000000 89.000000 0.398726 0.917070 0.000000 30.000000 159.000000 0.000000
acid_tube 2197.414551 -995.064453 172.726959 0.000000 -7.000000 105.000000 0.000000 -0.970142 -0.242536 30.000000 -7.000000 -0.242536
trapper 2440.311523 -401.598419 148.875000 0.000000 -89.000000 180.000000 0.000000 0.000000 -1.000000 30.000000 -89.000000 0.000000
hive 2402.500732 -816.173279 142.914490 0.000000 -86.000000 179.000000 0.000000 -0.242536 -0.970142 30.000000 -86.000000 -0.970142
acid_tube 2391.142578 -549.319092 112.875000 0.000000 175.000000 180.000000 0.000000 0.000000 -1.000000 30.000000 175.000000 0.000000
barricade 2487.103027 -398.728149 -48.875000 0.000000 -94.000000 0.000000 0.000000 0.000000 1.000000 30.000000 -94.000000 1.000000
barricade 2415.512939 -398.089752 -48.875000 0.000000 -80.000000 0.000000 0.000000 0.000000 1.000000 30.000000 -80.000000 1.000000
eggpod 1482.908936 -134.102127 368.875000 0.000000 86.000000 180.000000 0.000000 0.000000 -1.000000 30.000000 86.000000 0.000000
acid_tube 2464.919434 -335.534180 -48.875000 0.000000 -158.000000 0.000000 0.000000 0.000000 1.000000 30.000000 -158.000000 1.000000
eggpod 2340.014160 308.258575 368.875000 0.000000 107.000000 180.000000 0.000000 0.000000 -1.000000 30.000000 107.000000 0.000000
hive 2650.454834 -450.278015 101.700821 0.000000 -9.000000 -93.000000 0.707107 0.707107 0.000000 30.000000 -9.000000 0.000000
trapper 1441.024780 125.677803 288.875000 0.000000 -89.000000 180.000000 0.000000 0.000000 -1.000000 30.000000 -89.000000 0.000000
trapper 1552.672485 400.875000 28.485405 0.000000 -109.000000 -21.000000 0.000000 -1.000000 0.000000 30.000000 -109.000000 0.000000
booster 2251.650391 88.491753 -54.875000 0.000000 65.000000 0.000000 0.000000 0.000000 1.000000 30.000000 65.000000 1.000000
acid_tube 2378.478516 -462.601044 195.125000 0.000000 -3.000000 0.000000 0.000000 0.000000 1.000000 30.000000 -3.000000 1.000000
barricade 1459.192505 126.090698 15.125000 0.000000 179.000000 0.000000 0.000000 0.000000 1.000000 30.000000 179.000000 1.000000
trapper 1823.873779 -309.304871 145.604614 0.000000 8.000000 -93.000000 -0.577350 0.577350 -0.577350 30.000000 8.000000 0.000000
acid_tube 1565.882446 -490.101715 95.125000 0.000000 -91.000000 0.000000 0.000000 0.000000 1.000000 30.000000 -91.000000 1.000000
barricade 2224.951660 -448.189240 195.125000 0.000000 -10.000000 0.000000 0.000000 0.000000 1.000000 30.000000 -10.000000 1.000000
eggpod 2181.532227 93.427750 -48.875000 0.000000 -177.000000 0.000000 0.000000 0.000000 1.000000 30.000000 -177.000000 1.000000
hive 2324.125000 261.929016 362.686340 0.000000 86.000000 90.000000 1.000000 0.000000 0.000000 30.000000 86.000000 0.000000
eggpod 2481.634277 -473.717438 195.125000 0.000000 -1.000000 0.000000 0.000000 0.000000 1.000000 30.000000 -1.000000 1.000000
booster 2427.962646 -461.923645 189.125000 0.000000 0.000000 0.000000 0.000000 0.000000 1.000000 30.000000 0.000000 1.000000
barricade 1640.201172 -288.459839 -48.875000 0.000000 179.000000 0.000000 0.000000 0.000000 1.000000 30.000000 179.000000 1.000000
barricade 1589.501953 -418.424255 -48.875000 0.000000 -178.000000 0.000000 0.000000 0.000000 1.000000 30.000000 -178.000000 1.000000
hive 1477.984985 -287.991730 21.856113 0.000000 -62.000000 168.000000 0.000000 -0.447214 -0.894427 30.000000 -62.000000 -0.894427
barricade 1606.499634 -489.803223 -48.875000 0.000000 160.000000 0.000000 0.000000 0.000000 1.000000 30.000000 160.000000 1.000000
acid_tube 1543.558472 -279.359711 22.540104 0.000000 -120.000000 -166.000000 0.000000 -0.447214 -0.894427 30.000000 -120.000000 -0.894427
barricade 1680.599976 -523.602966 15.125000 0.000000 173.000000 0.000000 0.000000 0.000000 1.000000 30.000000 173.000000 1.000000
acid_tube 2468.790527 81.491623 -48.875000 0.000000 130.000000 0.000000 0.000000 0.000000 1.000000 30.000000 130.000000 1.000000
trapper 1428.972778 -160.875000 20.555840 0.000000 175.000000 27.000000 0.000000 1.000000 0.000000 30.000000 175.000000 0.894427
acid_tube 1092.686768 -90.008873 23.125000 0.000000 176.000000 0.000000 0.000000 0.000000 1.000000 30.000000 176.000000 1.000000
eggpod 1153.154297 125.624191 240.875000 0.000000 -178.000000 180.000000 0.000000 0.000000 -1.000000 30.000000 -178.000000 0.000000
hive 871.313293 251.875000 123.176567 0.000000 22.000000 64.000000 0.000000 -1.000000 0.000000 30.000000 22.000000 0.242536
hive 1076.437134 -138.591415 34.125000 0.000000 167.000000 0.000000 0.000000 0.000000 1.000000 30.000000 167.000000 1.000000
acid_tube 585.248535 614.731934 58.513977 0.000000 78.000000 74.000000 0.970143 0.000000 0.242532 30.000000 78.000000 0.242532
hive -170.847321 -878.231873 -260.125000 0.000000 75.000000 180.000000 0.000000 0.000000 -1.000000 30.000000 75.000000 0.000000
acid_tube 821.403320 619.662476 53.128479 0.000000 -70.000000 109.000000 -0.970142 0.000000 0.242536 30.000000 -70.000000 0.000000
hive -173.386169 -1145.696899 -260.125000 0.000000 157.000000 180.000000 0.000000 0.000000 -1.000000 30.000000 157.000000 -0.000000
barricade 665.530518 656.295776 15.125000 0.000000 91.000000 0.000000 0.000000 0.000000 1.000000 30.000000 91.000000 1.000000
acid_tube -183.845367 -635.107361 -215.316284 0.000000 173.000000 -84.000000 -0.000000 -0.913812 -0.406138 30.000000 173.000000 0.000000
eggpod 2377.867188 -1348.786499 368.875000 0.000000 102.000000 180.000000 0.000000 0.000000 -1.000000 30.000000 102.000000 0.000000
barricade 736.084839 658.718384 15.125000 0.000000 91.000000 0.000000 0.000000 0.000000 1.000000 30.000000 91.000000 1.000000
booster 1143.229126 132.922516 9.125000 0.000000 0.000000 0.000000 0.000000 0.000000 1.000000 30.000000 0.000000 1.000000
booster 2413.726807 -1377.769897 1.125000 0.000000 -149.000000 0.000000 0.000000 0.000000 1.000000 30.000000 -149.000000 1.000000
trapper 2448.611572 -671.125000 109.163918 0.000000 54.000000 81.000000 0.000000 -1.000000 0.000000 30.000000 54.000000 0.000000
trapper 591.413452 399.125000 95.815186 0.000000 -90.000000 179.000000 0.000000 1.000000 0.000000 30.000000 -90.000000 0.000000
acid_tube 90.475632 974.045959 57.762203 0.000000 173.000000 -76.000000 0.872872 -0.436436 0.218218 30.000000 173.000000 0.242536
acid_tube 72.271515 162.988022 129.570694 0.000000 119.000000 57.000000 0.970143 0.000000 -0.242536 30.000000 119.000000 0.242536
trapper 2372.061768 -1562.329590 139.166107 0.000000 168.000000 106.000000 0.000000 0.970142 -0.242536 30.000000 168.000000 -0.242536
hive 2446.164307 -1329.280884 -260.125000 0.000000 -84.000000 180.000000 0.000000 0.000000 -1.000000 30.000000 -84.000000 -0.000000
trapper 317.569275 -320.515167 65.792526 0.000000 -176.000000 3.000000 -0.970142 0.000000 0.242536 30.000000 -176.000000 0.000000
hive 2404.125000 -1324.524292 -264.132324 0.000000 85.000000 90.000000 1.000000 0.000000 0.000000 30.000000 85.000000 0.000000
acid_tube 2459.851074 -1462.149414 -207.932495 0.000000 70.000000 159.000000 0.000000 -0.961524 -0.274721 30.000000 70.000000 0.000000
eggpod 2320.961670 -1003.398315 15.125000 0.000000 102.000000 0.000000 0.000000 0.000000 1.000000 30.000000 102.000000 1.000000
acid_tube 2479.875000 -1283.351196 -268.789093 0.000000 -119.000000 110.000000 -1.000000 0.000000 0.000000 30.000000 -119.000000 0.000000
acid_tube 2404.125000 -1266.697632 -290.244080 0.000000 94.000000 86.000000 1.000000 0.000000 0.000000 30.000000 94.000000 0.000000
hive 2442.408691 -1218.573853 -260.125000 0.000000 -60.000000 180.000000 0.000000 0.000000 -1.000000 30.000000 -60.000000 0.000000
acid_tube -100.125000 -1362.294800 110.190414 0.000000 -154.000000 152.000000 -1.000000 0.000000 0.000000 30.000000 -154.000000 0.000000
hive 1097.064209 -280.689056 -260.125000 0.000000 -140.000000 180.000000 0.000000 0.000000 -1.000000 30.000000 -140.000000 0.000000
barricade 2414.352051 -1475.019043 -8.875000 0.000000 -93.000000 0.000000 0.000000 0.000000 1.000000 30.000000 -93.000000 1.000000
trapper 1195.479248 -87.896683 80.875000 0.000000 90.000000 180.000000 0.000000 0.000000 -1.000000 30.000000 90.000000 -0.000000
barricade 2486.328857 -1481.996826 23.125000 0.000000 -84.000000 0.000000 0.000000 0.000000 1.000000 30.000000 -84.000000 1.000000
acid_tube 2189.067871 -1219.233276 147.551727 0.000000 -8.000000 -75.000000 0.000000 0.970142 -0.242536 30.000000 -8.000000 0.242536
acid_tube 2472.153564 -1548.677490 25.125000 0.000000 -15.000000 0.000000 0.000000 0.000000 1.000000 30.000000 -15.000000 1.000000
trapper 81.328064 -143.125000 23.817474 0.000000 -157.000000 -67.000000 0.000000 -1.000000 0.000000 30.000000 -157.000000 0.000000
hive 2124.785889 -1100.458496 235.875000 0.000000 172.000000 180.000000 0.000000 0.000000 -1.000000 30.000000 172.000000 -0.000000
acid_tube 1938.683594 -1208.676392 181.223175 0.000000 154.000000 117.000000 0.000000 0.800000 -0.600000 30.000000 154.000000 -0.242536
trapper -164.991821 -1904.551514 80.875000 0.000000 -2.000000 180.000000 0.000000 0.000000 -1.000000 30.000000 -2.000000 0.000000
acid_tube 2372.125000 -905.070740 128.491913 0.000000 47.000000 132.000000 1.000000 0.000000 0.000000 30.000000 47.000000 0.000000
eggpod 1068.697510 -1170.121460 11.413795 0.000000 -172.000000 0.000000 0.124035 0.000000 0.992278 30.000000 -172.000000 1.000000
eggpod -150.933472 548.350281 176.875000 0.000000 80.000000 180.000000 0.000000 0.000000 -1.000000 30.000000 80.000000 0.000000
acid_tube -152.252487 499.923492 176.875000 0.000000 79.000000 180.000000 0.000000 0.000000 -1.000000 30.000000 79.000000 0.000000
booster -152.495270 537.047485 9.125000 0.000000 82.000000 0.000000 0.000000 0.000000 1.000000 30.000000 82.000000 1.000000
hive -145.336609 439.041565 171.875000 0.000000 77.000000 180.000000 0.000000 0.000000 -1.000000 30.000000 77.000000 0.000000
acid_tube 2382.740479 -724.317993 109.185638 0.000000 88.000000 90.000000 0.986394 -0.164399 0.000000 30.000000 88.000000 0.000000
acid_tube 431.902527 -992.077393 160.778458 0.000000 168.000000 -72.000000 0.000000 -0.970142 -0.242536 30.000000 168.000000 0.242536
acid_tube -46.048248 -984.581909 130.796555 0.000000 -11.000000 99.000000 0.000000 -0.970142 -0.242536 30.000000 -11.000000 0.242536
acid_tube 706.455444 625.400085 240.875000 0.000000 92.000000 180.000000 0.000000 0.000000 -1.000000 30.000000 92.000000 0.000000
eggpod 699.754333 319.652863 240.875000 0.000000 91.000000 180.000000 0.000000 0.000000 -1.000000 30.000000 91.000000 0.000000
medistat -690.777100 -630.866211 7.125000 0.000000 -91.000000 0.000000 0.000000 0.000000 1.000000 30.000000 -91.000000 1.000000
acid_tube 280.008087 -1892.125000 181.982178 0.000000 -178.000000 -90.000000 0.000000 -1.000000 0.000000 30.000000 -178.000000 0.000000
acid_tube -367.243622 -1900.125000 58.939999 0.000000 -117.000000 -152.000000 0.000000 -1.000000 0.000000 30.000000 -117.000000 0.000000
acid_tube 183.207123 -2623.307373 -64.875000 0.000000 -3.000000 0.000000 0.000000 0.000000 1.000000 30.000000 -3.000000 1.000000
hive 99.959564 -2155.875000 -31.865196 0.000000 123.000000 33.000000 0.000000 1.000000 0.000000 30.000000 123.000000 0.000000
trapper -896.875000 -2639.250244 1.439427 0.000000 164.000000 94.000000 1.000000 0.000000 0.000000 30.000000 164.000000 0.000000
eggpod -143.565018 -2283.439697 96.875000 0.000000 0.000000 180.000000 0.000000 0.000000 -1.000000 30.000000 0.000000 0.000000
eggpod -591.273621 -2213.325439 288.875000 0.000000 1.000000 180.000000 0.000000 0.000000 -1.000000 30.000000 1.000000 0.000000
trapper 425.227692 -2448.875000 -12.588833 0.000000 175.000000 90.000000 0.000000 1.000000 0.000000 30.000000 175.000000 0.000000
acid_tube 388.125000 -2213.789795 117.415260 0.000000 2.000000 177.000000 1.000000 0.000000 0.000000 30.000000 2.000000 0.000000
booster 692.309326 -2394.473877 -70.875000 0.000000 19.000000 0.000000 0.000000 0.000000 1.000000 30.000000 19.000000 1.000000
acid_tube 731.875000 -2141.152588 161.056946 0.000000 -91.000000 90.000000 -1.000000 0.000000 0.000000 30.000000 -91.000000 0.000000
acid_tube -1179.875000 -2333.702637 63.483826 0.000000 -19.000000 -20.000000 1.000000 0.000000 0.000000 30.000000 -19.000000 0.000000
